(0, 2023, '尼古拉-约基奇', 41.2, 27, 30.2, 14.0, 7.2, 0.8, 1.4)
(1, 2023, '贾马尔-穆雷', 42.2, 25, 21.4, 6.2, 10.0, 1.0, 0.0)
(2, 2023, '阿龙-戈登', 35.6, 27, 14.0, 7.4, 3.0, 0.8, 0.6)
(3, 2023, '布鲁斯-布朗', 26.8, 26, 11.4, 4.4, 1.0, 1.0, 0.8)
(4, 2023, '小迈克尔-波特', 29.4, 24, 9.6, 8.4, 0.8, 0.0, 0.4)
(5, 2023, '波普', 34.2, 29, 7.4, 3.4, 1.4, 1.4, 1.2)
(6, 2023, '克里斯琴-布劳恩', 16.4, 21, 5.8, 2.0, 1.2, 1.0, 0.4)
(7, 2023, '杰夫-格林', 13.0, 36, 4.8, 0.4, 0.6, 0.2, 0.0)
(8, 2023, '托马斯-布莱恩特', 0.0, 25, 0.0, 0.0, 0.0, 0.0, 0.0)
(9, 2023, '弗拉特科-钱查尔', 0.0, 25, 0.0, 0.0, 0.0, 0.0, 0.0)
(10, 2023, '雷吉-杰克逊', 1.0, 32, 0.0, 1.0, 1.0, 0.0, 0.0)
(11, 2023, '德安德烈-乔丹', 3.0, 34, 0.0, 0.0, 0.0, 0.0, 1.0)
(12, 2023, '齐克-纳吉', 0.0, 22, 0.0, 0.0, 0.0, 0.0, 0.0)
(13, 2023, '佩顿-沃特森', 0.0, 20, 0.0, 0.0, 0.0, 0.0, 0.0)
(14, 2023, '巴姆-阿德巴约', 41.8, 25, 21.8, 12.4, 3.2, 0.4, 0.8)
(15, 2023, '吉米-巴特勒', 41.0, 33, 21.6, 4.6, 6.4, 0.8, 0.6)
(16, 2023, '盖布-文森特', 28.4, 26, 11.4, 0.4, 2.4, 1.0, 0.2)
(17, 2023, '凯尔-洛瑞', 29.2, 36, 10.8, 4.0, 4.8, 1.0, 0.2)
(18, 2023, '邓肯-罗宾逊', 18.8, 28, 7.8, 1.2, 1.6, 0.2, 0.4)
(19, 2023, '凯莱布-马丁', 28.4, 27, 7.4, 4.4, 1.2, 1.0, 0.6)
(20, 2023, '马克斯-斯特鲁斯', 25.0, 26, 5.8, 4.8, 3.0, 0.2, 0.6)
(21, 2023, '凯文-乐福', 17.8, 34, 6.8, 4.5, 0.3, 0.8, 0.5)
(22, 2023, '海伍德-海史密斯', 7.0, 26, 3.6, 0.8, 0.0, 0.4, 0.2)
(23, 2023, '科迪-泽勒', 5.4, 30, 0.8, 1.0, 0.2, 0.0, 0.2)
(24, 2023, '犹多尼斯-哈斯勒姆', 0.0, 42, 0.0, 0.0, 0.0, 0.0, 0.0)
(25, 2023, '尼古拉-约维奇', 1.0, 19, 0.0, 0.5, 0.0, 0.0, 0.0)
(26, 2023, '奥默-尤尔特塞文', 1.0, 24, 0.0, 0.5, 0.0, 0.0, 0.0)
(27, 2022, '斯蒂芬-库里', 37.5, 33, 31.2, 6.0, 5.0, 2.0, 0.2)
(28, 2022, '安德鲁-威金斯', 39.2, 26, 18.3, 8.8, 2.2, 1.5, 1.5)
(29, 2022, '克莱-汤普森', 38.3, 31, 17.0, 3.0, 2.0, 1.3, 0.5)
(30, 2022, '乔丹-普尔', 20.8, 22, 13.2, 1.8, 1.8, 0.5, 0.2)
(31, 2022, '德雷蒙德-格林', 36.2, 31, 6.2, 8.0, 6.2, 1.7, 0.7)
(32, 2022, '小加里-佩顿', 18.6, 29, 7.0, 3.2, 1.4, 1.6, 0.4)
(33, 2022, '奥托-波特', 17.0, 28, 5.2, 2.0, 1.0, 1.0, 0.2)
(34, 2022, '凯文-卢尼', 21.7, 25, 5.0, 7.5, 2.7, 0.7, 0.8)
(35, 2022, '内马尼亚-别利察', 5.8, 33, 1.8, 1.6, 0.2, 0.4, 0.0)
(36, 2022, '安德烈-伊格达拉', 4.8, 38, 1.8, 0.0, 1.3, 0.0, 0.0)
(37, 2022, '摩西-穆迪', 2.8, 19, 0.5, 0.0, 0.0, 0.0, 0.3)
(38, 2022, '乔纳森-库明加', 2.0, 19, 0.0, 0.3, 0.0, 0.0, 0.0)
(39, 2022, '达米恩-李', 2.0, 29, 0.0, 0.0, 0.0, 0.0, 0.0)
(40, 2022, '托斯卡诺-安德森', 2.0, 28, 0.0, 0.5, 0.8, 0.0, 0.0)
(41, 2022, '杰伦-布朗', 38.8, 25, 23.5, 7.3, 3.7, 0.8, 0.3)
(42, 2022, '杰森-塔图姆', 40.7, 23, 21.5, 6.8, 7.0, 1.2, 0.7)
(43, 2022, '马库斯-斯马特', 35.5, 27, 15.2, 4.5, 5.0, 1.5, 0.0)
(44, 2022, '艾尔-霍福德', 31.8, 35, 12.5, 8.5, 2.8, 0.7, 0.7)
(45, 2022, '德里克-怀特', 26.5, 27, 9.8, 1.5, 2.2, 0.7, 0.5)
(46, 2022, '罗伯特-威廉姆斯', 26.3, 24, 7.5, 7.5, 1.5, 0.8, 2.8)
(47, 2022, '格兰特-威廉姆斯', 17.0, 23, 4.2, 2.3, 1.0, 0.2, 0.7)
(48, 2022, '佩顿-普里查德', 11.2, 24, 2.7, 2.2, 1.0, 0.2, 0.0)
(49, 2022, '阿龙-内史密斯', 3.2, 22, 1.4, 0.8, 0.4, 0.2, 0.0)
(50, 2022, '卢克-科内特', 2.0, 26, 1.7, 0.7, 0.3, 0.0, 0.0)
(51, 2022, '马利克-菲茨', 2.0, 24, 1.0, 0.0, 0.0, 0.0, 0.0)
(52, 2022, '萨姆-豪瑟', 2.2, 24, 0.6, 0.0, 0.4, 0.0, 0.0)
(53, 2022, '尼克-斯陶斯卡斯', 1.8, 28, 0.6, 0.6, 0.2, 0.0, 0.0)
(54, 2022, '丹尼尔-泰斯', 10.0, 29, 1.5, 2.5, 0.5, 0.0, 1.0)
(55, 2022, '朱万-摩根', 1.3, 24, 0.0, 0.3, 0.0, 0.0, 0.0)
(56, 2021, '阿德托昆博', 39.8, 26, 35.2, 13.2, 5.0, 1.2, 1.8)
(57, 2021, '克里斯-米德尔顿', 42.5, 29, 24.0, 6.3, 5.3, 1.5, 0.0)
(58, 2021, '朱-霍勒迪', 41.7, 30, 16.7, 6.2, 9.3, 2.2, 0.7)
(59, 2021, '布鲁克-洛佩斯', 24.5, 32, 11.5, 5.3, 0.2, 0.7, 0.7)
(60, 2021, '帕特-康诺顿', 30.0, 28, 9.2, 5.8, 1.2, 0.2, 0.0)
(61, 2021, '博比-波蒂斯', 16.7, 25, 7.7, 4.0, 0.2, 0.7, 0.3)
(62, 2021, 'P.J. Tucker', 31.3, 35, 4.0, 3.8, 1.2, 1.0, 0.0)
(63, 2021, '布林-福布斯', 7.3, 27, 3.0, 0.3, 0.0, 0.3, 0.0)
(64, 2021, '杰夫-蒂格', 9.3, 32, 1.5, 0.8, 0.7, 0.5, 0.0)
(65, 2021, '乔丹-沃拉', 1.0, 22, 3.0, 1.0, 0.0, 0.0, 0.0)
(66, 2021, '萨纳西斯-阿德托昆博', 2.0, 28, 0.0, 3.0, 0.0, 0.0, 0.0)
(67, 2021, '伊莱贾-布莱恩特', 0.0, 25, 0.0, 0.0, 0.0, 0.0, 0.0)
(68, 2021, '萨姆-梅里尔', 1.0, 24, 0.0, 0.0, 0.0, 0.0, 0.0)
(69, 2021, '德文-布克', 40.2, 24, 28.2, 3.5, 4.0, 0.8, 0.3)
(70, 2021, '克里斯-保罗', 37.3, 35, 21.8, 2.7, 8.2, 0.7, 0.2)
(71, 2021, '德安德烈-艾顿', 37.5, 22, 14.7, 12.0, 1.8, 1.5, 1.5)
(72, 2021, '米卡尔-布里奇斯', 32.0, 24, 12.0, 4.2, 1.2, 1.0, 0.5)
(73, 2021, '杰-克劳德', 37.2, 30, 11.7, 8.5, 1.7, 1.7, 1.0)
(74, 2021, 'Came罗恩-约翰逊', 22.7, 24, 8.5, 3.2, 0.8, 0.5, 0.5)
(75, 2021, '卡梅伦-佩恩', 15.7, 26, 7.3, 2.5, 1.7, 0.7, 0.0)
(76, 2021, '托里-克雷格', 10.7, 30, 2.8, 1.3, 0.2, 0.0, 0.0)
(77, 2021, '弗兰克-卡明斯基', 7.3, 27, 3.0, 1.5, 0.8, 0.3, 0.0)
(78, 2021, '泰肖恩-亚历山大', 1.0, 22, 2.0, 0.0, 0.0, 0.0, 0.0)
(79, 2021, '阿卜杜勒-纳迪尔', 4.0, 27, 0.0, 0.0, 0.0, 0.0, 0.0)
(80, 2021, '达里奥-沙里奇', 2.0, 26, 0.0, 1.0, 0.0, 0.0, 0.0)
(81, 2020, '勒布朗-詹姆斯', 39.3, 35, 29.8, 11.8, 8.5, 1.2, 0.5)
(82, 2020, '安东尼-戴维斯', 38.2, 26, 25.0, 10.7, 3.2, 1.3, 2.0)
(83, 2020, '波普', 31.3, 26, 12.8, 2.8, 2.0, 1.0, 0.2)
(84, 2020, '拉简-隆多', 26.0, 33, 8.7, 5.2, 5.5, 1.0, 0.0)
(85, 2020, '凯尔-库兹马', 21.7, 24, 8.5, 2.8, 0.5, 0.2, 0.2)
(86, 2020, '丹尼-格林', 22.8, 32, 7.5, 2.8, 1.2, 1.0, 0.8)
(87, 2020, '马基夫-莫里斯', 21.3, 30, 7.5, 3.3, 1.2, 0.0, 0.0)
(88, 2020, '亚历克斯-卡鲁索', 24.8, 25, 6.3, 2.5, 2.3, 0.8, 0.2)
(89, 2020, '德怀特-霍华德', 11.8, 34, 2.8, 2.8, 0.7, 0.2, 0.3)
(90, 2020, '奎因-库克', 1.5, 26, 1.5, 0.0, 0.0, 0.0, 0.0)
(91, 2020, 'JR-史密斯', 3.3, 34, 1.0, 0.3, 0.0, 0.3, 0.0)
(92, 2020, '贾里德-杜德利', 1.0, 34, 0.0, 0.0, 0.0, 0.0, 0.3)
(93, 2020, '吉米-巴特勒', 43.0, 30, 26.2, 8.3, 9.8, 2.2, 0.8)
(94, 2020, '泰勒-希罗', 34.7, 20, 14.7, 4.2, 3.0, 0.5, 0.0)
(95, 2020, '邓肯-罗宾逊', 32.0, 25, 12.5, 2.7, 2.5, 0.8, 0.3)
(96, 2020, '杰-克劳德', 31.5, 29, 11.2, 5.2, 1.2, 0.3, 0.5)
(97, 2020, '肯德里克-纳恩', 22.5, 24, 10.5, 3.5, 1.8, 0.0, 0.2)
(98, 2020, '巴姆-阿德巴约', 33.8, 22, 15.3, 6.3, 2.5, 0.3, 0.8)
(99, 2020, '凯利-奥利尼克', 22.8, 28, 11.6, 6.0, 1.4, 0.4, 0.6)
(100, 2020, '安德烈-伊格达拉', 19.7, 36, 3.2, 2.7, 2.0, 0.3, 0.3)
(101, 2020, '迈耶斯-伦纳德', 11.0, 27, 7.0, 0.5, 0.5, 0.5, 0.0)
(102, 2020, '所罗门-希尔', 6.3, 28, 3.0, 0.8, 0.3, 0.3, 0.0)
(103, 2020, '戈兰-德拉季奇', 17.0, 33, 5.5, 3.0, 2.5, 1.5, 0.0)
(104, 2020, '小德里克-琼斯', 2.5, 22, 0.5, 0.3, 0.0, 0.0, 0.0)
(105, 2019, '科怀-伦纳德', 40.5, 27, 28.5, 9.8, 4.2, 2.0, 1.2)
(106, 2019, '帕斯卡尔-西亚卡姆', 40.2, 24, 19.8, 7.5, 3.7, 0.5, 0.7)
(107, 2019, '凯尔-洛瑞', 38.2, 32, 16.2, 4.0, 7.2, 1.7, 0.5)
(108, 2019, '弗雷德-范弗利特', 32.5, 24, 14.0, 2.7, 2.2, 1.2, 0.0)
(109, 2019, '马克-加索尔', 28.8, 34, 12.0, 7.3, 2.7, 0.5, 0.3)
(110, 2019, '赛尔吉-伊巴卡', 19.3, 29, 11.3, 5.2, 1.0, 0.8, 1.7)
(111, 2019, '丹尼-格林', 27.2, 31, 7.3, 3.5, 1.2, 1.2, 0.5)
(112, 2019, '诺曼-鲍威尔', 11.0, 25, 1.8, 1.0, 0.7, 0.3, 0.0)
(113, 2019, '帕特里克-麦考', 3.0, 23, 0.8, 0.0, 0.5, 0.0, 0.0)
(114, 2019, '林书豪', 1.0, 30, 0.0, 0.0, 0.0, 0.0, 0.0)
(115, 2019, '约迪-米克斯', 1.0, 31, 0.0, 0.0, 0.0, 0.0, 0.0)
(116, 2019, '马尔科姆-米勒', 1.0, 25, 0.0, 0.0, 0.0, 0.0, 0.0)
(117, 2019, '斯蒂芬-库里', 41.7, 30, 30.5, 5.2, 6.0, 1.5, 0.2)
(118, 2019, '克莱-汤普森', 37.6, 28, 26.0, 4.8, 2.4, 0.8, 0.0)
(119, 2019, '德雷蒙德-格林', 41.3, 28, 12.5, 10.8, 9.3, 1.7, 1.0)
(120, 2019, '安德烈-伊格达拉', 31.3, 35, 9.2, 4.5, 4.0, 1.0, 1.5)
(121, 2019, '德马库斯-考辛斯', 18.0, 28, 8.3, 4.7, 2.3, 0.7, 1.0)
(122, 2019, '奎因-库克', 14.7, 25, 4.8, 0.8, 0.8, 0.2, 0.2)
(123, 2019, '凯文-卢尼', 20.8, 22, 5.8, 3.2, 1.2, 0.4, 0.2)
(124, 2019, '肖恩-利文斯顿', 16.3, 33, 4.7, 1.5, 1.5, 0.7, 0.2)
(125, 2019, '约纳斯-杰雷布科', 6.5, 31, 3.5, 1.3, 0.3, 0.0, 0.0)
(126, 2019, '阿方索-麦金尼', 9.5, 26, 2.2, 1.7, 0.3, 0.0, 0.0)
(127, 2019, '安德鲁-博古特', 9.0, 34, 2.4, 3.0, 0.6, 0.2, 0.2)
(128, 2019, '凯文-杜兰特', 12.0, 30, 11.0, 2.0, 0.0, 0.0, 1.0)
(129, 2019, '乔丹-贝尔', 6.3, 24, 1.5, 1.3, 0.3, 0.0, 0.5)
(130, 2019, '雅各布-埃文斯', 0.7, 21, 0.0, 0.0, 0.0, 0.0, 0.0)
(131, 2019, '达米安-琼斯', 2.0, 23, 0.0, 0.0, 0.0, 0.0, 0.0)
(132, 2018, '凯文-杜兰特', 41.3, 29, 28.8, 10.8, 7.5, 0.8, 2.3)
(133, 2018, '斯蒂芬-库里', 40.5, 29, 27.5, 6.0, 6.8, 1.5, 0.8)
(134, 2018, '克莱-汤普森', 37.0, 27, 16.0, 3.8, 1.0, 0.5, 0.3)
(135, 2018, '德雷蒙德-格林', 41.3, 27, 9.3, 6.0, 8.5, 2.0, 1.5)
(136, 2018, '贾维尔-麦基', 13.8, 30, 8.0, 2.3, 0.0, 0.0, 1.3)
(137, 2018, '肖恩-利文斯顿', 16.3, 32, 7.5, 2.8, 1.5, 0.3, 0.0)
(138, 2018, '乔丹-贝尔', 13.5, 23, 5.8, 3.3, 1.0, 0.3, 0.5)
(139, 2018, '安德烈-伊格达拉', 22.5, 34, 9.5, 2.0, 0.5, 1.5, 1.0)
(140, 2018, '凯文-卢尼', 9.8, 21, 2.5, 1.5, 0.3, 0.3, 0.0)
(141, 2018, '扎扎-帕楚里亚', 3.0, 33, 4.0, 1.5, 0.0, 0.0, 0.5)
(142, 2018, '大卫-韦斯特', 7.0, 37, 1.8, 1.3, 1.0, 0.0, 0.8)
(143, 2018, '尼克-杨', 9.5, 32, 1.3, 0.5, 0.0, 0.0, 0.0)
(144, 2018, '奎因-库克', 2.0, 24, 1.0, 0.0, 0.0, 0.0, 0.0)
(145, 2018, '帕特里克-麦考', 2.8, 22, 0.5, 0.3, 0.0, 0.3, 0.0)
(146, 2018, '勒布朗-詹姆斯', 44.8, 33, 34.0, 8.5, 10.0, 1.3, 1.0)
(147, 2018, '凯文-乐福', 33.3, 29, 19.0, 11.3, 1.8, 1.0, 0.3)
(148, 2018, 'JR-史密斯', 32.5, 32, 9.5, 3.3, 1.3, 1.3, 0.0)
(149, 2018, '乔治-希尔', 29.3, 31, 7.5, 2.3, 2.3, 0.8, 0.3)
(150, 2018, '罗德尼-胡德', 14.0, 25, 6.8, 3.8, 0.8, 0.5, 0.5)
(151, 2018, 'TT.汤普森', 23.5, 26, 6.8, 5.3, 0.0, 0.0, 0.8)
(152, 2018, '小拉里-南斯', 17.0, 25, 5.8, 7.0, 1.5, 0.5, 0.5)
(153, 2018, '杰夫-格林', 24.3, 31, 5.3, 1.3, 2.0, 0.3, 0.3)
(154, 2018, '乔丹-克拉克森', 12.5, 25, 3.0, 2.0, 0.5, 1.0, 0.5)
(155, 2018, '凯尔-科沃尔', 16.3, 36, 1.5, 1.8, 0.8, 0.0, 0.3)
(156, 2018, '安特-日日奇', 1.7, 21, 2.0, 0.3, 0.0, 0.0, 0.0)
(157, 2018, '何塞-卡尔德隆', 2.7, 36, 1.3, 1.0, 0.7, 0.3, 0.0)
(158, 2018, '切迪-奥斯曼', 2.7, 22, 1.3, 0.3, 0.0, 0.0, 0.0)
(159, 2017, '凯文-杜兰特', 39.8, 28, 35.2, 8.2, 5.4, 1.0, 1.6)
(160, 2017, '斯蒂芬-库里', 37.8, 28, 26.8, 8.0, 9.4, 2.2, 0.0)
(161, 2017, '克莱-汤普森', 36.6, 26, 16.4, 4.8, 2.2, 0.4, 0.2)
(162, 2017, '德雷蒙德-格林', 35.4, 26, 11.0, 10.2, 4.8, 1.6, 0.6)
(163, 2017, '安德烈-伊格达拉', 28.2, 33, 8.6, 3.4, 3.4, 1.2, 1.0)
(164, 2017, '肖恩-利文斯顿', 15.0, 31, 6.6, 1.0, 1.2, 0.2, 0.0)
(165, 2017, '大卫-韦斯特', 10.0, 36, 4.2, 2.0, 0.6, 0.0, 0.6)
(166, 2017, '伊恩-克拉克', 11.0, 25, 4.8, 1.0, 0.8, 0.3, 0.0)
(167, 2017, '扎扎-帕楚里亚', 13.2, 32, 3.2, 2.8, 0.4, 0.4, 0.0)
(168, 2017, '帕特里克-麦考', 6.8, 21, 2.2, 2.0, 0.4, 0.2, 0.0)
(169, 2017, '贾维尔-麦基', 5.5, 29, 2.8, 2.5, 0.8, 0.0, 0.5)
(170, 2017, '詹姆斯-迈克尔-麦卡杜', 2.8, 24, 1.0, 0.5, 0.0, 0.3, 0.0)
(171, 2017, '马特-巴恩斯', 1.8, 36, 0.6, 0.2, 0.4, 0.0, 0.0)
(172, 2017, '勒布朗-詹姆斯', 42.4, 32, 33.6, 12.0, 10.0, 1.4, 1.0)
(173, 2017, '凯里-欧文', 40.4, 24, 29.4, 4.0, 4.4, 1.0, 0.2)
(174, 2017, '凯文-乐福', 32.2, 28, 16.0, 11.2, 1.0, 2.2, 1.0)
(175, 2017, 'JR-史密斯', 29.2, 31, 11.8, 1.6, 0.4, 0.6, 0.4)
(176, 2017, '理查德-杰弗森', 16.6, 36, 5.8, 2.4, 0.4, 0.2, 0.2)
(177, 2017, 'TT.汤普森', 26.4, 25, 5.6, 5.8, 2.6, 0.6, 0.6)
(178, 2017, '凯尔-科沃尔', 19.4, 35, 4.4, 1.2, 0.4, 0.2, 0.2)
(179, 2017, '伊曼-香珀特', 13.2, 26, 3.6, 2.0, 0.8, 0.6, 0.0)
(180, 2017, '邓台-琼斯', 3.3, 36, 3.0, 1.3, 0.0, 0.0, 0.0)
(181, 2017, '德里克-威廉姆斯', 3.3, 25, 2.3, 0.3, 0.3, 0.0, 0.0)
(182, 2017, '德隆-威廉姆斯', 12.2, 32, 1.0, 1.6, 1.2, 0.4, 0.0)
(183, 2017, '钱宁-弗莱', 11.0, 33, 2.0, 3.0, 1.0, 0.0, 0.0)
(184, 2017, '詹姆斯-琼斯', 2.7, 36, 0.0, 0.3, 0.0, 0.0, 0.0)
(185, 2016, '勒布朗-詹姆斯', 41.7, 31, 29.7, 11.3, 8.9, 2.6, 2.3)
(186, 2016, '凯里-欧文', 39.0, 23, 27.1, 3.9, 3.9, 2.1, 0.7)
(187, 2016, 'JR-史密斯', 37.3, 30, 10.6, 2.7, 1.6, 1.4, 0.3)
(188, 2016, 'TT.汤普森', 32.3, 24, 10.3, 10.1, 0.7, 0.3, 0.9)
(189, 2016, '凯文-乐福', 26.3, 27, 8.5, 6.8, 1.3, 0.7, 0.3)
(190, 2016, '理查德-杰弗森', 24.0, 35, 5.7, 5.3, 0.4, 1.3, 0.1)
(191, 2016, '伊曼-香珀特', 18.3, 25, 3.0, 1.6, 0.1, 0.1, 0.3)
(192, 2016, '马修-戴拉维多瓦', 7.7, 25, 2.7, 0.5, 1.0, 0.0, 0.0)
(193, 2016, '莫-威廉姆斯', 4.8, 33, 1.5, 0.5, 0.2, 0.5, 0.0)
(194, 2016, '邓台-琼斯', 3.0, 35, 1.3, 0.3, 0.0, 0.0, 0.2)
(195, 2016, '季莫费-莫兹戈夫', 5.0, 29, 1.4, 1.6, 0.0, 0.6, 0.2)
(196, 2016, '乔丹-麦克雷', 3.0, 24, 4.0, 1.0, 0.0, 0.0, 0.0)
(197, 2016, '钱宁-弗莱', 8.3, 32, 0.5, 0.8, 0.0, 0.0, 0.5)
(198, 2016, '詹姆斯-琼斯', 4.0, 35, 0.2, 0.4, 0.4, 0.0, 0.0)
(199, 2016, '斯蒂芬-库里', 35.1, 27, 22.6, 4.9, 3.7, 0.9, 0.7)
(200, 2016, '克莱-汤普森', 35.3, 25, 19.6, 3.0, 1.9, 1.0, 0.6)
(201, 2016, '德雷蒙德-格林', 40.0, 25, 16.5, 10.3, 6.3, 1.7, 1.0)
(202, 2016, '哈里森-巴恩斯', 31.7, 23, 9.3, 4.4, 1.4, 0.7, 0.4)
(203, 2016, '安德烈-伊格达拉', 34.1, 32, 9.1, 6.3, 4.1, 0.9, 0.7)
(204, 2016, '肖恩-利文斯顿', 21.1, 30, 8.3, 3.4, 2.9, 0.3, 0.3)
(205, 2016, '莱昂德罗-巴博萨', 13.2, 33, 8.2, 1.0, 0.8, 0.5, 0.2)
(206, 2016, '安德鲁-博古特', 12.0, 31, 3.2, 3.0, 0.6, 0.4, 2.0)
(207, 2016, '费斯图斯-埃泽利', 8.7, 26, 2.0, 1.9, 0.4, 0.1, 0.1)
(208, 2016, '马利斯-斯贝茨', 4.7, 28, 2.0, 1.3, 0.3, 0.1, 0.3)
(209, 2016, '伊恩-克拉克', 4.8, 24, 3.3, 0.8, 0.5, 0.0, 0.0)
(210, 2016, '安德森-瓦莱乔', 6.8, 33, 1.2, 1.3, 1.0, 0.2, 0.0)
(211, 2016, '詹姆斯-迈克尔-麦卡杜', 6.0, 23, 1.3, 1.3, 0.3, 0.0, 0.0)
(212, 2016, '布兰登-拉什', 5.6, 30, 0.2, 1.0, 0.0, 0.4, 0.2)
(213, 2015, '斯蒂芬-库里', 42.5, 26, 26.0, 5.2, 6.3, 1.8, 0.2)
(214, 2015, '安德烈-伊格达拉', 37.0, 31, 16.3, 5.8, 4.0, 1.3, 0.3)
(215, 2015, '克莱-汤普森', 37.8, 24, 15.8, 4.3, 1.7, 0.5, 1.0)
(216, 2015, '德雷蒙德-格林', 37.0, 24, 13.0, 8.3, 5.0, 2.2, 1.2)
(217, 2015, '哈里森-巴恩斯', 33.0, 22, 8.8, 5.8, 0.8, 0.8, 0.5)
(218, 2015, '莱昂德罗-巴博萨', 10.7, 32, 5.2, 1.7, 0.5, 0.5, 0.2)
(219, 2015, '肖恩-利文斯顿', 20.0, 29, 5.0, 3.5, 2.2, 0.3, 0.3)
(220, 2015, '费斯图斯-埃泽利', 10.0, 25, 4.4, 3.4, 0.4, 0.0, 0.6)
(221, 2015, '大卫-李', 9.8, 31, 5.5, 2.5, 1.5, 0.3, 0.0)
(222, 2015, '安德鲁-博古特', 18.5, 30, 2.5, 6.0, 1.5, 0.3, 1.3)
(223, 2015, '马利斯-斯贝茨', 5.3, 27, 3.0, 1.7, 0.3, 0.3, 0.0)
(224, 2015, '贾斯廷-霍勒迪', 2.0, 25, 0.0, 0.0, 0.0, 0.0, 0.0)
(225, 2015, '詹姆斯-迈克尔-麦卡杜', 1.0, 22, 0.0, 1.0, 0.0, 0.0, 0.0)
(226, 2015, '勒布朗-詹姆斯', 45.7, 30, 35.8, 13.3, 8.8, 1.3, 0.5)
(227, 2015, '季莫费-莫兹戈夫', 28.3, 28, 14.0, 7.5, 1.0, 0.5, 1.5)
(228, 2015, 'JR-史密斯', 33.7, 29, 11.5, 4.3, 1.0, 0.5, 0.8)
(229, 2015, 'TT.汤普森', 41.2, 23, 10.0, 13.0, 0.3, 0.7, 1.0)
(230, 2015, '马修-戴拉维多瓦', 31.8, 24, 7.5, 2.7, 2.7, 1.2, 0.0)
(231, 2015, '伊曼-香珀特', 35.8, 24, 6.5, 3.8, 0.7, 1.8, 0.7)
(232, 2015, '凯里-欧文', 44.0, 22, 23.0, 7.0, 6.0, 4.0, 2.0)
(233, 2015, '詹姆斯-琼斯', 18.8, 34, 3.3, 1.3, 0.3, 0.7, 0.2)
(234, 2015, '迈克-米勒', 5.6, 34, 0.6, 0.2, 0.0, 0.2, 0.0)
(235, 2015, '肯德里克-帕金斯', 3.0, 30, 2.0, 1.0, 0.0, 0.0, 0.0)
(236, 2015, '乔-哈里斯', 1.5, 23, 0.5, 0.0, 0.0, 0.0, 0.0)
(237, 2014, '托尼-帕克', 35.2, 31, 18.0, 0.4, 4.6, 0.8, 0.0)
(238, 2014, '科怀-伦纳德', 33.4, 22, 17.8, 6.4, 2.0, 1.6, 1.2)
(239, 2014, '蒂姆-邓肯', 33.0, 37, 15.4, 10.0, 2.0, 0.4, 0.8)
(240, 2014, '马努-吉诺比利', 28.6, 36, 14.4, 3.0, 4.4, 1.0, 0.2)
(241, 2014, '帕蒂-米尔斯', 15.2, 25, 10.2, 1.4, 1.6, 0.4, 0.0)
(242, 2014, '丹尼-格林', 21.2, 26, 9.2, 2.0, 1.2, 2.0, 0.4)
(243, 2014, '伯瑞斯-迪奥', 35.2, 31, 6.2, 8.6, 5.8, 0.8, 0.2)
(244, 2014, '蒂亚戈-斯普利特', 16.8, 29, 6.2, 3.4, 2.0, 0.6, 0.6)
(245, 2014, '马科-贝里内利', 11.8, 27, 4.6, 1.2, 0.6, 0.2, 0.0)
(246, 2014, '阿隆-贝恩斯', 2.0, 27, 2.0, 0.7, 0.0, 0.0, 0.0)
(247, 2014, '杰夫-艾尔斯', 2.3, 26, 1.7, 0.7, 0.3, 0.0, 0.0)
(248, 2014, '马特-邦纳', 6.8, 33, 1.3, 0.8, 1.3, 0.3, 0.0)
(249, 2014, '科里-约瑟夫', 2.7, 22, 0.7, 0.0, 0.0, 0.0, 0.0)
(250, 2014, '勒布朗-詹姆斯', 37.8, 29, 28.2, 7.8, 4.0, 2.0, 0.4)
(251, 2014, '德维恩-韦德', 34.4, 32, 15.2, 3.8, 2.6, 1.6, 0.0)
(252, 2014, '克里斯-波什', 36.2, 29, 14.0, 5.2, 1.0, 0.8, 0.2)
(253, 2014, '雷-阿伦', 31.0, 38, 9.8, 3.0, 1.8, 1.6, 0.2)
(254, 2014, '拉沙德-刘易斯', 22.8, 34, 8.6, 1.6, 0.4, 0.0, 0.4)
(255, 2014, '马里奥-查默斯', 23.2, 27, 4.4, 1.4, 2.8, 1.0, 0.2)
(256, 2014, '诺里斯-科尔', 16.8, 25, 3.2, 1.2, 1.8, 0.4, 0.0)
(257, 2014, '克里斯-安德森', 18.0, 35, 2.6, 5.6, 0.0, 0.4, 0.6)
(258, 2014, '詹姆斯-琼斯', 3.5, 33, 2.8, 0.5, 0.0, 0.0, 0.0)
(259, 2014, '迈克尔-比斯利', 17.0, 25, 9.0, 3.0, 1.0, 0.0, 0.0)
(260, 2014, '托尼-道格拉斯', 3.3, 27, 1.3, 1.0, 0.7, 0.0, 0.0)
(261, 2014, '犹多尼斯-哈斯勒姆', 5.5, 33, 1.0, 1.0, 0.0, 0.0, 0.3)
(262, 2014, '肖恩-巴蒂尔', 8.3, 35, 0.0, 0.3, 0.3, 0.3, 0.0)
(263, 2014, '格雷格-奥登', 1.5, 26, 0.0, 0.0, 0.0, 0.0, 0.0)
(264, 2013, '勒布朗-詹姆斯', 43.0, 28, 25.3, 10.9, 7.0, 2.3, 0.9)
(265, 2013, '德维恩-韦德', 36.4, 31, 19.6, 4.0, 4.6, 1.9, 1.3)
(266, 2013, '克里斯-波什', 34.3, 28, 11.9, 8.9, 2.1, 1.9, 1.6)
(267, 2013, '雷-阿伦', 27.6, 37, 10.6, 2.3, 1.6, 0.1, 0.0)
(268, 2013, '马里奥-查默斯', 31.6, 26, 10.6, 2.7, 2.1, 0.7, 0.0)
(269, 2013, '肖恩-巴蒂尔', 12.4, 34, 5.6, 1.6, 0.9, 0.1, 0.3)
(270, 2013, '迈克-米勒', 21.7, 32, 5.3, 2.7, 0.9, 0.6, 0.3)
(271, 2013, '克里斯-安德森', 14.2, 34, 4.4, 3.0, 0.0, 0.8, 0.6)
(272, 2013, '诺里斯-科尔', 16.4, 24, 3.0, 1.0, 2.4, 0.8, 0.2)
(273, 2013, '犹多尼斯-哈斯勒姆', 10.7, 32, 1.5, 2.8, 0.0, 0.0, 0.2)
(274, 2013, '詹姆斯-琼斯', 4.0, 32, 2.0, 0.3, 0.0, 0.0, 0.3)
(275, 2013, '拉沙德-刘易斯', 4.0, 33, 1.3, 0.7, 0.7, 0.0, 0.0)
(276, 2013, '乔尔-安东尼', 3.8, 30, 0.5, 1.8, 0.0, 0.0, 0.0)
(277, 2013, '蒂姆-邓肯', 36.3, 36, 18.9, 12.1, 1.4, 0.9, 1.4)
(278, 2013, '托尼-帕克', 35.1, 30, 15.7, 1.9, 6.4, 1.0, 0.1)
(279, 2013, '科怀-伦纳德', 36.4, 21, 14.6, 11.1, 0.9, 2.0, 0.4)
(280, 2013, '丹尼-格林', 35.4, 25, 14.0, 4.1, 0.7, 1.0, 1.6)
(281, 2013, '马努-吉诺比利', 28.4, 35, 11.6, 2.1, 4.3, 0.7, 0.0)
(282, 2013, '加里-尼尔', 24.4, 28, 9.4, 2.4, 0.9, 0.0, 0.0)
(283, 2013, '蒂亚戈-斯普利特', 15.3, 28, 4.9, 2.0, 0.4, 0.7, 0.4)
(284, 2013, '伯瑞斯-迪奥', 15.7, 30, 4.0, 2.5, 1.7, 0.0, 0.2)
(285, 2013, '德胡安-布莱尔', 5.7, 23, 3.7, 2.7, 0.3, 0.7, 0.0)
(286, 2013, '马特-邦纳', 6.0, 32, 1.8, 1.2, 0.2, 0.2, 0.0)
(287, 2013, '科里-约瑟夫', 7.2, 21, 1.8, 1.0, 1.0, 0.3, 0.0)
(288, 2013, '帕蒂-米尔斯', 6.5, 24, 2.0, 0.5, 0.0, 0.0, 0.0)
(289, 2013, '南多-德科洛', 2.5, 25, 0.0, 0.5, 0.5, 0.0, 0.0)
(290, 2013, '特雷西-麦克格雷迪', 7.0, 33, 0.0, 2.0, 2.5, 0.0, 0.5)
(291, 2012, '勒布朗-詹姆斯', 44.0, 27, 28.6, 10.2, 7.4, 1.6, 0.4)
(292, 2012, '德维恩-韦德', 40.6, 30, 22.6, 6.0, 5.2, 1.4, 1.2)
(293, 2012, '克里斯-波什', 36.6, 27, 14.6, 9.4, 0.2, 0.6, 1.2)
(294, 2012, '肖恩-巴蒂尔', 37.4, 33, 11.6, 3.4, 0.4, 0.8, 0.0)
(295, 2012, '马里奥-查默斯', 36.6, 25, 10.4, 2.6, 4.0, 1.8, 0.4)
(296, 2012, '迈克-米勒', 8.8, 31, 6.2, 1.8, 0.4, 0.2, 0.2)
(297, 2012, '诺里斯-科尔', 11.0, 23, 3.3, 1.0, 0.0, 0.0, 0.0)
(298, 2012, '犹多尼斯-哈斯勒姆', 16.2, 31, 2.6, 4.4, 0.4, 0.0, 0.4)
(299, 2012, '詹姆斯-琼斯', 10.8, 31, 2.8, 1.5, 0.0, 0.3, 0.0)
(300, 2012, '特雷尔-哈里斯', 3.0, 24, 3.0, 1.0, 0.0, 0.0, 0.0)
(301, 2012, '乔尔-安东尼', 2.0, 29, 0.0, 0.0, 0.0, 0.0, 0.0)
(302, 2012, '朱万-霍华德', 3.0, 38, 0.0, 0.0, 0.0, 0.0, 0.0)
(303, 2012, '罗尼-图里亚夫', 3.0, 29, 0.0, 1.0, 0.0, 0.0, 0.0)
(304, 2012, '凯文-杜兰特', 42.6, 23, 30.6, 6.0, 2.2, 1.4, 1.0)
(305, 2012, '拉塞尔-威斯布鲁克', 42.2, 23, 27.0, 6.4, 6.6, 1.0, 0.4)
(306, 2012, '詹姆斯-哈登', 32.8, 22, 12.4, 4.8, 3.6, 1.2, 0.0)
(307, 2012, '赛尔吉-伊巴卡', 26.4, 22, 7.0, 5.2, 0.8, 0.4, 2.0)
(308, 2012, '德里克-费舍尔', 25.6, 37, 5.6, 1.6, 0.8, 1.0, 0.0)
(309, 2012, '肯德里克-帕金斯', 23.2, 27, 4.8, 6.8, 0.0, 0.2, 0.6)
(310, 2012, '萨博-塞福洛沙', 26.0, 27, 4.6, 2.0, 1.0, 1.4, 0.8)
(311, 2012, '尼克-科里森', 16.6, 31, 3.6, 4.6, 0.6, 0.6, 0.2)
(312, 2012, '罗耶尔-埃维', 3.0, 30, 6.0, 0.0, 0.0, 0.0, 0.0)
(313, 2012, '科尔-阿尔德里奇', 5.0, 23, 2.0, 1.0, 0.0, 0.0, 0.0)
(314, 2012, '戴奎恩-库克', 3.7, 24, 0.7, 0.0, 0.3, 0.0, 0.0)
(315, 2012, '拉扎尔-海沃德', 5.0, 25, 2.0, 2.0, 0.0, 0.0, 0.0)
(316, 2011, '德克-诺维茨基', 40.3, 32, 26.0, 9.7, 2.0, 0.7, 0.7)
(317, 2011, '杰森-特里', 32.5, 33, 18.0, 2.0, 3.2, 1.3, 0.0)
(318, 2011, '肖恩-马里昂', 35.8, 32, 13.7, 6.3, 2.3, 0.8, 0.7)
(319, 2011, '泰森-钱德勒', 37.3, 28, 9.7, 8.8, 0.7, 1.2, 1.2)
(320, 2011, 'JJ-巴里亚', 21.3, 26, 8.8, 2.2, 3.2, 0.5, 0.0)
(321, 2011, '杰森-基德', 37.5, 37, 7.7, 4.5, 6.3, 1.2, 0.8)
(322, 2011, '德肖恩-史蒂文森', 17.2, 29, 7.0, 1.5, 0.3, 0.7, 0.2)
(323, 2011, '伊安-马辛米', 9.0, 24, 3.0, 1.7, 0.0, 0.3, 0.0)
(324, 2011, '布莱恩-卡迪纳尔', 6.0, 33, 1.4, 0.2, 0.2, 0.2, 0.0)
(325, 2011, '布兰登-海伍德', 8.3, 31, 1.7, 2.3, 0.0, 0.3, 1.0)
(326, 2011, '佩贾-斯托亚科维奇', 6.5, 33, 0.5, 0.8, 0.0, 0.5, 0.0)
(327, 2011, '德维恩-韦德', 39.0, 29, 26.5, 7.0, 5.2, 1.5, 1.5)
(328, 2011, '克里斯-波什', 39.5, 26, 18.5, 7.3, 1.0, 0.2, 0.5)
(329, 2011, '勒布朗-詹姆斯', 43.7, 26, 17.8, 7.2, 6.8, 1.7, 0.5)
(330, 2011, '马里奥-查默斯', 29.0, 24, 11.8, 2.7, 3.5, 1.7, 0.0)
(331, 2011, '犹多尼斯-哈斯勒姆', 29.3, 30, 6.7, 5.2, 0.7, 0.5, 0.5)
(332, 2011, '迈克-米勒', 15.7, 30, 3.5, 2.8, 0.8, 0.8, 0.2)
(333, 2011, '迈克-毕比', 17.4, 32, 3.8, 1.4, 1.0, 1.4, 0.2)
(334, 2011, '埃迪-豪斯', 12.5, 32, 4.5, 2.0, 0.5, 1.0, 0.0)
(335, 2011, '朱万-霍华德', 5.8, 37, 1.8, 1.2, 0.2, 0.0, 0.0)
(336, 2011, '乔尔-安东尼', 20.5, 28, 1.3, 3.5, 0.3, 0.2, 1.2)
(337, 2010, '科比-布莱恩特', 41.1, 31, 28.6, 8.0, 3.9, 2.1, 0.7)
(338, 2010, '保罗-加索尔', 41.9, 29, 18.6, 11.6, 3.7, 0.7, 2.6)
(339, 2010, '梅塔-沃尔德皮斯', 35.9, 30, 10.6, 4.6, 1.3, 1.4, 0.6)
(340, 2010, '德里克-费舍尔', 30.6, 35, 8.6, 3.0, 2.0, 0.9, 0.0)
(341, 2010, '拉马尔-奥多姆', 27.4, 30, 7.6, 6.6, 1.3, 0.6, 0.6)
(342, 2010, '安德鲁-拜纳姆', 25.0, 22, 7.4, 5.1, 0.0, 0.1, 1.3)
(343, 2010, '香农-布朗', 12.0, 24, 3.0, 0.9, 0.4, 0.0, 0.1)
(344, 2010, '乔丹-法马尔', 12.6, 23, 3.0, 1.1, 0.9, 1.1, 0.0)
(345, 2010, '萨沙-武贾西奇', 7.4, 25, 3.0, 1.0, 0.7, 0.3, 0.0)
(346, 2010, '卢克-沃顿', 7.8, 29, 0.5, 0.5, 0.8, 0.0, 0.5)
(347, 2010, 'D.J. Mbenga', 3.0, 29, 0.0, 1.0, 0.0, 0.0, 0.0)
(348, 2010, '约什-鲍威尔', 4.0, 27, 0.0, 0.5, 0.0, 0.0, 0.0)
(349, 2010, '保罗-皮尔斯', 39.7, 32, 18.0, 5.3, 3.0, 0.7, 0.9)
(350, 2010, '凯文-加内特', 31.7, 33, 15.3, 5.6, 3.0, 1.4, 1.3)
(351, 2010, '雷-阿伦', 39.4, 34, 14.6, 2.7, 1.7, 0.7, 0.0)
(352, 2010, '拉简-隆多', 38.9, 23, 13.6, 6.3, 7.6, 1.6, 0.3)
(353, 2010, '格伦-戴维斯', 20.6, 24, 6.7, 5.6, 0.4, 0.9, 0.4)
(354, 2010, '拉希德-华莱士', 20.6, 35, 5.3, 4.6, 0.9, 0.4, 0.7)
(355, 2010, '肯德里克-帕金斯', 23.5, 25, 5.8, 5.8, 1.0, 0.2, 0.0)
(356, 2010, '内特-罗宾逊', 10.1, 25, 4.9, 1.1, 1.9, 0.1, 0.0)
(357, 2010, '托尼-阿伦', 14.7, 28, 3.1, 1.0, 0.4, 1.0, 0.7)
(358, 2010, '马奎斯-丹尼尔斯', 2.0, 29, 2.5, 0.5, 0.0, 0.0, 0.0)
(359, 2010, '迈克尔-芬利', 2.5, 36, 0.0, 0.0, 0.0, 0.0, 0.0)
(360, 2010, '布莱恩-斯卡拉布莱恩', 1.0, 31, 0.0, 0.0, 0.0, 0.0, 0.0)
(361, 2010, '谢尔登-威廉姆斯', 9.0, 26, 0.0, 2.0, 0.0, 0.0, 0.0)
(362, 2009, '科比-布莱恩特', 43.8, 30, 32.4, 5.6, 7.4, 1.4, 1.4)
(363, 2009, '保罗-加索尔', 42.4, 28, 18.6, 9.2, 2.2, 0.8, 1.8)
(364, 2009, '拉马尔-奥多姆', 33.8, 29, 13.4, 7.8, 0.8, 1.0, 1.0)
(365, 2009, '特雷沃-阿里扎', 37.6, 23, 11.0, 6.0, 1.6, 1.8, 0.2)
(366, 2009, '德里克-费舍尔', 35.8, 34, 11.0, 3.0, 1.8, 1.2, 0.0)
(367, 2009, '安德鲁-拜纳姆', 19.0, 21, 6.0, 4.2, 0.6, 0.4, 0.6)
(368, 2009, '卢克-沃顿', 15.2, 28, 3.8, 2.0, 1.0, 0.2, 0.0)
(369, 2009, '乔丹-法马尔', 11.4, 22, 3.4, 1.2, 0.4, 0.4, 0.0)
(370, 2009, '约什-鲍威尔', 5.5, 26, 2.5, 2.0, 0.5, 0.0, 0.0)
(371, 2009, '香农-布朗', 5.3, 23, 0.0, 0.3, 0.0, 0.0, 0.0)
(372, 2009, 'D.J. Mbenga', 2.0, 28, 0.0, 0.3, 0.0, 0.0, 0.3)
(373, 2009, '萨沙-武贾西奇', 4.4, 24, 0.0, 0.4, 0.4, 0.0, 0.0)
(374, 2009, '希度-特科格鲁', 41.2, 29, 18.0, 4.6, 3.8, 0.8, 0.4)
(375, 2009, '拉沙德-刘易斯', 42.4, 29, 17.4, 7.6, 4.0, 0.8, 0.0)
(376, 2009, '德怀特-霍华德', 42.6, 23, 15.4, 15.2, 2.2, 1.6, 4.0)
(377, 2009, '拉夫-阿尔斯通', 29.4, 32, 10.6, 2.2, 3.0, 0.8, 0.0)
(378, 2009, '迈克尔-皮特鲁斯', 28.0, 26, 10.6, 2.0, 0.4, 0.6, 0.2)
(379, 2009, '考特尼-李', 17.6, 23, 5.8, 1.4, 0.2, 0.6, 0.0)
(380, 2009, 'JJ-雷迪克', 16.3, 24, 5.5, 0.5, 2.0, 0.3, 0.0)
(381, 2009, '贾米尔-尼尔森', 18.0, 26, 3.8, 1.4, 2.8, 0.2, 0.0)
(382, 2009, '马尔钦-戈塔特', 10.6, 24, 3.2, 2.6, 0.0, 0.4, 1.0)
(383, 2009, '托尼-巴蒂', 7.0, 32, 2.0, 0.8, 0.4, 0.0, 0.4)
(384, 2008, '保罗-皮尔斯', 38.8, 30, 21.8, 4.5, 6.3, 1.2, 0.3)
(385, 2008, '雷-阿伦', 41.0, 32, 20.3, 5.0, 2.5, 1.3, 0.7)
(386, 2008, '凯文-加内特', 38.0, 31, 18.2, 13.0, 3.0, 1.7, 1.0)
(387, 2008, '拉简-隆多', 27.0, 21, 9.3, 3.8, 6.7, 1.5, 0.5)
(388, 2008, '詹姆斯-波西', 25.2, 31, 8.7, 3.8, 0.5, 1.3, 0.2)
(389, 2008, '里昂-鲍威', 8.8, 24, 6.2, 3.2, 0.0, 0.0, 0.0)
(390, 2008, '埃迪-豪斯', 18.5, 29, 8.0, 2.5, 2.5, 0.3, 0.0)
(391, 2008, 'PJ-布朗', 19.5, 38, 4.0, 3.2, 0.7, 0.5, 0.5)
(392, 2008, '肯德里克-帕金斯', 18.4, 23, 4.0, 3.6, 0.4, 0.6, 1.0)
(393, 2008, '萨姆-卡塞尔', 10.2, 38, 3.8, 0.2, 1.2, 0.4, 0.0)
(394, 2008, '托尼-阿伦', 6.3, 26, 2.7, 0.3, 0.7, 0.3, 0.0)
(395, 2008, '格伦-戴维斯', 15.0, 22, 3.0, 4.0, 0.0, 0.0, 0.0)
(396, 2008, '科比-布莱恩特', 43.0, 29, 25.7, 4.7, 5.0, 2.7, 0.2)
(397, 2008, '保罗-加索尔', 39.0, 27, 14.7, 10.2, 3.3, 0.5, 0.5)
(398, 2008, '拉马尔-奥多姆', 36.7, 28, 13.5, 9.0, 3.0, 0.3, 1.0)
(399, 2008, '德里克-费舍尔', 31.2, 33, 10.8, 1.5, 3.2, 1.5, 0.0)
(400, 2008, '萨沙-武贾西奇', 22.0, 23, 8.3, 2.0, 0.8, 0.5, 0.2)
(401, 2008, '弗拉迪米尔-拉德马诺维奇', 21.3, 27, 7.3, 4.8, 1.3, 0.7, 0.0)
(402, 2008, '乔丹-法马尔', 19.2, 21, 7.0, 1.8, 1.3, 0.3, 0.5)
(403, 2008, '卢克-沃顿', 11.0, 27, 2.5, 1.0, 1.2, 0.2, 0.2)
(404, 2008, '特雷沃-阿里扎', 7.0, 22, 2.6, 1.8, 0.2, 0.2, 0.2)
(405, 2008, '罗尼-图里亚夫', 10.3, 25, 1.8, 0.7, 0.0, 0.0, 0.5)
(406, 2008, '克里斯-米姆', 3.0, 28, 0.0, 0.0, 0.0, 0.0, 0.0)
(407, 2007, '托尼-帕克', 37.8, 24, 24.5, 5.0, 3.3, 0.8, 0.0)
(408, 2007, '蒂姆-邓肯', 37.3, 30, 18.3, 11.5, 3.8, 1.3, 2.3)
(409, 2007, '马努-吉诺比利', 29.3, 29, 17.8, 5.8, 2.5, 1.3, 0.0)
(410, 2007, '布鲁斯-鲍文', 41.8, 35, 6.0, 5.5, 1.3, 0.5, 0.3)
(411, 2007, '法布里希奥-奥博托', 20.8, 31, 4.3, 4.3, 0.5, 0.3, 0.0)
(412, 2007, '弗朗西斯科-埃尔森', 11.5, 30, 4.0, 2.5, 0.0, 0.3, 0.0)
(413, 2007, '迈克尔-芬利', 18.5, 33, 3.8, 2.0, 0.8, 1.3, 0.0)
(414, 2007, '布伦特-巴里', 10.5, 35, 3.0, 1.5, 0.5, 0.3, 0.0)
(415, 2007, '罗伯特-霍里', 22.0, 36, 3.0, 4.5, 3.3, 0.3, 1.3)
(416, 2007, '雅克-沃恩', 10.3, 31, 2.0, 1.3, 1.0, 0.0, 0.0)
(417, 2007, '本诺-尤德里', 0.5, 24, 0.0, 0.0, 0.0, 0.0, 0.0)
(418, 2007, '勒布朗-詹姆斯', 42.5, 22, 22.0, 7.0, 6.8, 1.0, 0.5)
(419, 2007, '德鲁-古登', 27.5, 25, 12.8, 8.3, 0.3, 0.3, 0.5)
(420, 2007, '丹尼尔-吉布森', 34.8, 20, 10.8, 1.8, 2.5, 1.5, 0.0)
(421, 2007, '萨沙-帕夫洛维奇', 31.8, 23, 9.8, 2.5, 0.8, 0.5, 0.0)
(422, 2007, '扎诸纳斯-伊尔戈斯卡斯', 25.8, 31, 7.8, 10.3, 0.5, 0.5, 1.0)
(423, 2007, '安德森-瓦莱乔', 24.5, 24, 7.5, 5.3, 0.8, 1.3, 0.5)
(424, 2007, '达蒙-琼斯', 16.3, 30, 4.5, 1.3, 1.0, 0.0, 0.0)
(425, 2007, '唐耶尔-马绍尔', 15.3, 33, 3.8, 2.3, 1.3, 0.8, 0.0)
(426, 2007, '埃里克-斯诺', 10.3, 33, 1.3, 1.0, 2.3, 0.3, 0.3)
(427, 2007, '拉里-休斯', 22.0, 28, 1.0, 2.5, 1.0, 0.5, 0.0)
(428, 2007, '香农-布朗', 0.0, 21, 0.0, 0.0, 0.0, 0.0, 0.0)
(429, 2007, '伊拉-纽贝尔', 1.0, 32, 0.0, 1.0, 0.0, 0.0, 0.0)
(430, 2007, '斯科特-波拉德', 1.0, 31, 0.0, 0.0, 0.0, 0.0, 0.0)
(431, 2006, '德维恩-韦德', 43.5, 24, 34.7, 7.8, 3.8, 2.7, 1.0)
(432, 2006, '安托万-沃克', 36.5, 29, 13.8, 5.5, 2.2, 0.7, 0.5)
(433, 2006, '沙奎尔-奥尼尔', 35.2, 33, 13.7, 10.2, 2.8, 0.5, 0.8)
(434, 2006, '杰森-威廉姆斯', 31.3, 30, 8.8, 1.8, 4.7, 0.5, 0.0)
(435, 2006, '詹姆斯-波西', 29.5, 29, 7.3, 6.0, 0.3, 1.0, 0.0)
(436, 2006, '犹多尼斯-哈斯勒姆', 29.2, 25, 6.5, 6.2, 0.3, 1.2, 0.0)
(437, 2006, '阿隆佐-莫宁', 11.0, 35, 4.3, 3.2, 0.0, 0.3, 1.5)
(438, 2006, '加里-佩顿', 22.3, 37, 2.7, 2.0, 2.0, 1.0, 0.0)
(439, 2006, '山顿-安德森', 7.8, 32, 1.5, 1.8, 0.8, 0.0, 0.0)
(440, 2006, '迈克尔-多里亚克', 1.0, 28, 0.0, 0.0, 0.0, 0.0, 0.0)
(441, 2006, '杰森-卡波诺', 2.0, 24, 0.0, 0.0, 0.0, 0.0, 0.0)
(442, 2006, '德克-诺维茨基', 43.7, 27, 22.8, 10.8, 2.5, 0.7, 0.7)
(443, 2006, '杰森-特里', 40.0, 28, 22.0, 2.2, 3.5, 1.8, 0.0)
(444, 2006, '约什-霍华德', 38.5, 25, 14.7, 8.2, 1.8, 1.2, 0.7)
(445, 2006, '杰里-斯塔克豪斯', 30.0, 31, 12.8, 3.4, 3.0, 0.8, 0.6)
(446, 2006, '德文-哈里斯', 24.5, 22, 7.3, 0.8, 2.8, 0.8, 0.0)
(447, 2006, '埃里克-丹皮尔', 24.7, 30, 5.7, 8.2, 0.3, 1.0, 0.7)
(448, 2006, '阿德里安-格里芬', 13.7, 31, 3.0, 3.2, 0.8, 0.8, 0.0)
(449, 2006, '马奎斯-丹尼尔斯', 8.8, 25, 2.8, 0.5, 1.3, 0.0, 0.0)
(450, 2006, '德萨盖纳-迪奥普', 15.7, 24, 1.7, 3.3, 0.2, 0.3, 0.8)
(451, 2006, '基思-范霍恩', 7.8, 30, 1.4, 1.2, 0.0, 0.0, 0.0)
(452, 2006, '达雷尔-阿姆斯特朗', 6.0, 37, 0.0, 1.0, 0.0, 0.0, 0.0)
(453, 2006, 'D.J. Mbenga', 4.5, 25, 0.0, 1.5, 0.0, 0.0, 0.0)
(454, 2006, '约什-鲍威尔', 4.0, 23, 0.0, 1.0, 0.0, 0.0, 0.0)
(455, 2005, '蒂姆-邓肯', 40.7, 28, 20.6, 14.1, 2.1, 0.4, 2.1)
(456, 2005, '马努-吉诺比利', 36.0, 27, 18.7, 5.9, 4.0, 1.3, 0.1)
(457, 2005, '托尼-帕克', 37.9, 22, 13.9, 2.4, 3.4, 0.3, 0.1)
(458, 2005, '罗伯特-霍里', 29.1, 34, 10.6, 4.9, 2.1, 1.0, 0.7)
(459, 2005, '布鲁斯-鲍文', 38.7, 33, 7.9, 2.7, 2.0, 0.6, 0.7)
(460, 2005, '纳兹尔-穆罕默德', 22.6, 27, 4.9, 6.0, 0.0, 0.3, 0.9)
(461, 2005, '布伦特-巴里', 20.3, 33, 4.6, 2.1, 1.6, 0.6, 0.3)
(462, 2005, '本诺-尤德里', 9.2, 22, 2.4, 1.0, 0.8, 0.2, 0.0)
(463, 2005, '德文-布朗', 5.8, 26, 1.8, 1.0, 0.5, 0.0, 0.0)
(464, 2005, '拉苏-内斯特洛维奇', 6.3, 28, 0.5, 2.0, 0.3, 0.0, 0.3)
(465, 2005, '格伦-罗宾逊', 4.7, 32, 0.7, 1.0, 0.0, 0.0, 1.0)
(466, 2005, '托尼-马森博格', 3.0, 37, 0.0, 1.0, 0.0, 0.0, 0.0)
(467, 2005, '昌西-比卢普斯', 40.3, 28, 20.4, 5.0, 6.3, 1.0, 0.1)
(468, 2005, '理查德-汉密尔顿', 42.1, 26, 16.7, 5.3, 2.6, 0.6, 0.1)
(469, 2005, '拉希德-华莱士', 32.4, 30, 10.9, 5.6, 1.9, 2.0, 2.4)
(470, 2005, '本-华莱士', 40.0, 30, 10.7, 10.3, 1.0, 1.7, 3.0)
(471, 2005, '安东尼奥-麦克戴斯', 22.3, 30, 10.1, 7.3, 1.0, 0.9, 1.1)
(472, 2005, '泰肖恩-普林斯', 39.0, 24, 10.1, 4.9, 2.6, 1.4, 0.6)
(473, 2005, '林奇-亨特', 19.6, 34, 5.6, 1.9, 2.7, 1.3, 0.1)
(474, 2005, '卡洛斯-阿罗约', 6.2, 25, 2.2, 0.2, 0.6, 0.2, 0.0)
(475, 2005, '达尔文-哈姆', 1.6, 31, 0.4, 0.6, 0.0, 0.0, 0.0)
(476, 2005, '达科-米利西奇', 2.3, 19, 0.7, 0.7, 0.0, 0.0, 0.0)
(477, 2005, '埃尔登-坎贝尔', 1.0, 36, 0.0, 0.0, 1.0, 0.0, 0.0)
(478, 2005, '罗纳德-杜普里', 1.8, 24, 0.0, 0.0, 0.0, 0.0, 0.0)
(479, 2004, '理查德-汉密尔顿', 44.8, 25, 21.4, 5.2, 4.0, 0.8, 0.0)
(480, 2004, '昌西-比卢普斯', 38.8, 27, 21.0, 3.2, 5.2, 1.2, 0.0)
(481, 2004, '拉希德-华莱士', 30.6, 29, 13.0, 7.8, 1.4, 0.4, 1.6)
(482, 2004, '本-华莱士', 41.0, 29, 10.8, 13.6, 1.4, 1.8, 1.0)
(483, 2004, '泰肖恩-普林斯', 39.6, 23, 10.0, 6.8, 2.0, 1.8, 0.4)
(484, 2004, '科利斯-威廉森', 10.6, 30, 4.2, 2.4, 0.2, 0.0, 0.0)
(485, 2004, '林奇-亨特', 12.8, 33, 3.6, 1.4, 0.8, 0.6, 0.4)
(486, 2004, '埃尔登-坎贝尔', 13.6, 35, 3.4, 2.6, 1.6, 1.0, 0.6)
(487, 2004, '梅米特-奥库', 9.5, 24, 2.8, 1.5, 0.5, 0.0, 0.0)
(488, 2004, '麦克-詹姆斯', 3.4, 28, 0.8, 0.8, 0.8, 0.0, 0.0)
(489, 2004, '达尔文-哈姆', 1.8, 30, 0.5, 0.3, 0.0, 0.0, 0.0)
(490, 2004, '达科-米利西奇', 1.3, 18, 0.0, 0.7, 0.0, 0.3, 0.0)
(491, 2004, '沙奎尔-奥尼尔', 42.6, 31, 26.6, 10.8, 1.6, 0.4, 0.6)
(492, 2004, '科比-布莱恩特', 46.2, 25, 22.6, 2.8, 4.4, 1.8, 0.6)
(493, 2004, '德里克-费舍尔', 20.2, 29, 6.4, 3.0, 1.8, 1.0, 0.0)
(494, 2004, '德文-乔治', 21.2, 26, 5.8, 2.8, 0.6, 1.0, 0.4)
(495, 2004, '加里-佩顿', 33.4, 35, 4.2, 3.0, 4.4, 1.2, 0.4)
(496, 2004, '卡尔-马龙', 31.3, 40, 5.0, 7.3, 2.3, 0.3, 0.3)
(497, 2004, '斯坦尼斯拉夫-梅德维登科', 14.2, 24, 3.6, 3.6, 0.6, 0.0, 0.2)
(498, 2004, '卡里姆-拉什', 15.2, 23, 3.6, 1.0, 0.4, 0.2, 0.0)
(499, 2004, '卢克-沃顿', 19.8, 23, 3.3, 3.0, 4.5, 1.5, 0.5)
(500, 2004, '里克-福克斯', 9.7, 34, 2.7, 1.0, 2.3, 0.0, 0.0)
(501, 2004, '布莱恩-库克', 7.0, 23, 1.3, 2.7, 0.0, 0.3, 0.0)
(502, 2004, '布莱恩-拉塞尔', 2.3, 33, 0.0, 0.3, 0.0, 0.0, 0.0)
(503, 2003, '蒂姆-邓肯', 44.0, 26, 24.2, 17.0, 5.3, 1.0, 5.3)
(504, 2003, '托尼-帕克', 35.3, 20, 14.0, 3.2, 4.2, 0.3, 0.2)
(505, 2003, '大卫-罗宾逊', 26.7, 37, 10.8, 7.3, 0.7, 1.2, 1.8)
(506, 2003, '斯蒂芬-杰克逊', 35.5, 24, 10.3, 4.2, 2.7, 1.2, 0.3)
(507, 2003, '马努-吉诺比利', 28.5, 25, 8.7, 4.5, 2.0, 2.2, 0.5)
(508, 2003, '马利克-罗斯', 21.2, 28, 7.7, 3.8, 0.7, 0.5, 0.5)
(509, 2003, '斯彼迪-克莱斯克顿', 12.7, 24, 6.2, 1.0, 1.5, 0.7, 0.7)
(510, 2003, '布鲁斯-鲍文', 28.7, 31, 3.3, 3.2, 0.8, 0.7, 0.3)
(511, 2003, '史蒂夫-科尔', 4.8, 37, 2.0, 0.3, 0.5, 0.3, 0.0)
(512, 2003, '凯文-威利斯', 4.6, 40, 1.6, 1.8, 0.0, 0.0, 0.2)
(513, 2003, '丹尼-费里', 0.7, 36, 0.0, 0.0, 0.0, 0.0, 0.0)
(514, 2003, '史蒂夫-史密斯', 1.0, 33, 0.0, 0.0, 0.0, 0.0, 0.0)
(515, 2003, '杰森-基德', 44.2, 29, 19.7, 6.2, 7.8, 1.2, 0.2)
(516, 2003, '肯扬-马丁', 37.3, 25, 14.7, 10.0, 2.2, 1.7, 2.3)
(517, 2003, '理查德-杰弗森', 38.3, 22, 13.2, 6.5, 1.8, 1.3, 0.3)
(518, 2003, '科瑞-基德尔斯', 31.3, 28, 10.8, 4.2, 1.3, 1.8, 0.5)
(519, 2003, '鲁西奥斯-哈里斯', 20.7, 32, 6.5, 2.7, 1.2, 0.3, 0.0)
(520, 2003, '罗德尼-罗杰斯', 12.3, 31, 4.7, 1.7, 0.5, 0.0, 0.0)
(521, 2003, '阿龙-威廉姆斯', 14.4, 31, 5.6, 4.2, 0.8, 0.2, 1.4)
(522, 2003, '杰森-科林斯', 25.3, 24, 3.7, 4.7, 1.0, 0.7, 0.5)
(523, 2003, '迪肯贝-穆托姆博', 13.7, 36, 2.3, 2.8, 0.0, 0.5, 1.3)
(524, 2003, '安东尼-约翰逊', 5.6, 28, 2.2, 0.2, 0.2, 0.2, 0.0)
(525, 2003, '布莱恩-斯卡拉布莱恩', 1.0, 24, 0.0, 1.0, 0.0, 0.0, 0.0)
(526, 2003, '特马尔-斯利', 1.0, 22, 0.0, 0.0, 0.0, 0.0, 0.0)
(527, 2002, '沙奎尔-奥尼尔', 41.5, 29, 36.3, 12.3, 3.8, 0.5, 2.8)
(528, 2002, '科比-布莱恩特', 43.5, 23, 26.8, 5.8, 5.3, 1.5, 0.8)
(529, 2002, '德里克-费舍尔', 33.0, 27, 12.8, 3.5, 3.8, 0.3, 0.0)
(530, 2002, '里克-福克斯', 36.5, 32, 9.8, 6.3, 3.5, 1.5, 0.5)
(531, 2002, '罗伯特-霍里', 39.5, 31, 8.0, 7.3, 4.3, 2.8, 1.8)
(532, 2002, '德文-乔治', 18.0, 24, 6.5, 4.8, 0.0, 0.3, 0.5)
(533, 2002, '布莱恩-肖', 16.3, 35, 3.5, 1.8, 2.5, 0.3, 0.5)
(534, 2002, '萨马基-沃克', 6.0, 25, 1.0, 2.0, 0.0, 0.0, 0.3)
(535, 2002, '林奇-亨特', 4.0, 31, 0.7, 0.3, 0.0, 0.0, 0.0)
(536, 2002, '斯坦尼斯拉夫-梅德维登科', 4.5, 22, 1.0, 0.5, 0.0, 0.0, 0.0)
(537, 2002, '米奇-里奇蒙德', 1.0, 36, 2.0, 0.0, 0.0, 0.0, 0.0)
(538, 2002, '马克-麦德森', 2.0, 26, 0.0, 0.0, 0.0, 0.0, 0.0)
(539, 2002, '肯扬-马丁', 39.5, 24, 22.0, 6.5, 2.5, 1.5, 1.0)
(540, 2002, '杰森-基德', 41.8, 28, 20.8, 7.3, 9.8, 2.3, 0.8)
(541, 2002, '科瑞-基德尔斯', 26.5, 27, 12.5, 2.0, 2.5, 1.5, 0.5)
(542, 2002, '基思-范霍恩', 30.5, 26, 10.5, 5.8, 2.3, 0.5, 0.3)
(543, 2002, '鲁西奥斯-哈里斯', 22.8, 31, 7.8, 2.8, 2.0, 1.0, 0.0)
(544, 2002, '托德-马克洛奇', 18.3, 26, 7.5, 5.0, 0.5, 0.8, 1.0)
(545, 2002, '理查德-杰弗森', 24.3, 21, 6.8, 4.5, 1.3, 1.0, 0.0)
(546, 2002, '杰森-科林斯', 19.0, 23, 4.3, 2.5, 0.3, 0.3, 0.5)
(547, 2002, '阿龙-威廉姆斯', 11.5, 30, 3.5, 2.3, 0.3, 0.8, 0.5)
(548, 2002, '安东尼-约翰逊', 5.3, 27, 1.3, 0.5, 0.3, 0.0, 0.0)
(549, 2002, '唐尼-马绍尔', 1.0, 29, 0.0, 0.0, 0.0, 0.0, 0.0)
(550, 2002, '布莱恩-斯卡拉布莱恩', 1.0, 23, 0.0, 0.0, 0.0, 0.0, 0.0)
(551, 2001, '沙奎尔-奥尼尔', 45.0, 28, 33.0, 15.8, 4.8, 0.4, 3.4)
(552, 2001, '科比-布莱恩特', 46.8, 22, 24.6, 7.8, 5.8, 1.4, 1.4)
(553, 2001, '德里克-费舍尔', 31.2, 26, 9.8, 1.2, 2.0, 1.6, 0.2)
(554, 2001, '里克-福克斯', 33.0, 31, 9.8, 4.6, 3.8, 1.2, 0.4)
(555, 2001, '罗伯特-霍里', 25.4, 30, 8.4, 5.0, 1.2, 0.8, 1.4)
(556, 2001, '霍雷斯-格兰特', 24.8, 35, 5.2, 5.6, 0.6, 0.4, 1.4)
(557, 2001, '泰伦-卢', 14.8, 23, 3.6, 0.8, 1.4, 1.4, 0.2)
(558, 2001, '布莱恩-肖', 18.6, 34, 3.6, 3.2, 2.8, 0.8, 0.0)
(559, 2001, '罗恩-哈珀', 8.3, 37, 4.3, 1.7, 1.0, 0.3, 0.3)
(560, 2001, '马克-麦德森', 1.0, 25, 0.0, 0.5, 0.0, 0.0, 0.5)
(561, 2001, '阿伦-艾弗森', 47.8, 25, 35.6, 5.6, 3.8, 1.8, 0.2)
(562, 2001, '迪肯贝-穆托姆博', 41.6, 34, 16.8, 12.2, 0.4, 0.4, 2.2)
(563, 2001, '埃里克-斯诺', 33.2, 27, 12.6, 4.4, 6.0, 1.6, 0.2)
(564, 2001, '阿隆-麦基', 41.2, 28, 8.0, 5.4, 6.0, 1.2, 0.6)
(565, 2001, '特伊隆-希尔', 28.2, 32, 6.6, 6.6, 0.4, 0.0, 1.2)
(566, 2001, '马特-盖革', 10.6, 31, 5.2, 1.0, 0.4, 0.2, 0.0)
(567, 2001, '拉加-贝尔', 15.8, 24, 2.6, 1.8, 0.8, 2.0, 0.0)
(568, 2001, '托德-马克洛奇', 6.2, 25, 2.6, 1.4, 0.0, 0.0, 0.0)
(569, 2001, '朱梅因-琼斯', 12.2, 21, 2.0, 2.0, 0.2, 0.2, 0.4)
(570, 2001, '凯文-奥利', 2.8, 28, 1.0, 0.2, 0.2, 0.0, 0.0)
(571, 2001, '罗德尼-布福德', 4.0, 23, 0.7, 2.0, 0.0, 0.0, 0.0)
(572, 2001, '乔治-林奇', 6.5, 30, 1.0, 2.5, 0.5, 1.0, 0.0)
(573, 2000, '沙奎尔-奥尼尔', 45.7, 27, 38.0, 16.7, 2.3, 1.0, 2.7)
(574, 2000, '科比-布莱恩特', 35.2, 21, 15.6, 4.6, 4.2, 1.0, 1.4)
(575, 2000, '格伦-莱斯', 32.2, 32, 11.5, 2.5, 1.7, 0.8, 0.2)
(576, 2000, '罗恩-哈珀', 30.8, 36, 10.8, 3.3, 4.8, 1.3, 0.2)
(577, 2000, '罗伯特-霍里', 30.3, 29, 9.2, 5.2, 2.8, 0.8, 1.0)
(578, 2000, '里克-福克斯', 17.3, 30, 6.7, 1.7, 1.0, 0.5, 0.0)
(579, 2000, '德里克-费舍尔', 18.7, 25, 6.0, 1.0, 3.8, 0.8, 0.0)
(580, 2000, 'A.C. Green', 17.2, 36, 5.0, 3.3, 0.5, 0.2, 0.0)
(581, 2000, '布莱恩-肖', 18.7, 33, 3.0, 2.8, 2.8, 0.3, 0.0)
(582, 2000, '泰瑞斯-奈特', 2.5, 25, 1.3, 0.5, 0.0, 0.0, 0.0)
(583, 2000, '约翰-萨利', 3.3, 35, 1.0, 0.8, 0.0, 0.3, 0.0)
(584, 2000, '德文-乔治', 3.0, 22, 1.0, 1.0, 0.0, 0.0, 0.0)
(585, 2000, '雷吉-米勒', 42.0, 34, 24.3, 2.7, 3.7, 0.8, 0.3)
(586, 2000, '杰伦-罗斯', 43.3, 27, 23.0, 4.5, 3.0, 0.8, 0.3)
(587, 2000, '奥斯汀-克罗希尔', 24.2, 24, 15.2, 6.0, 0.8, 0.3, 1.0)
(588, 2000, '里克-施密茨', 19.2, 33, 10.0, 4.0, 0.5, 0.5, 1.2)
(589, 2000, '马克-杰克逊', 31.2, 34, 9.7, 5.3, 7.7, 0.8, 0.0)
(590, 2000, '戴尔-戴维斯', 29.5, 30, 8.7, 10.0, 1.0, 0.3, 1.0)
(591, 2000, '萨姆-帕金斯', 22.0, 38, 6.0, 4.0, 1.0, 0.5, 0.0)
(592, 2000, '特拉维斯-贝斯特', 16.3, 27, 5.8, 1.2, 2.2, 0.7, 0.2)
(593, 2000, '德里克-麦基', 12.0, 33, 1.8, 3.2, 0.2, 0.3, 0.2)
(594, 2000, '乔纳森-本德', 3.0, 19, 3.5, 0.5, 0.0, 0.5, 0.0)
(595, 2000, '克里斯-穆林', 4.0, 36, 1.3, 0.0, 0.3, 0.3, 0.3)
(596, 2000, '扎恩-塔巴克', 3.3, 29, 0.7, 0.3, 0.0, 0.0, 0.0)
(597, 1999, '蒂姆-邓肯', 45.6, 22, 27.4, 14.0, 2.4, 1.0, 2.2)
(598, 1999, '大卫-罗宾逊', 37.2, 33, 16.6, 11.8, 2.4, 1.0, 3.0)
(599, 1999, '马里奥-艾利', 35.0, 35, 11.6, 4.0, 2.6, 1.2, 0.0)
(600, 1999, '埃弗里-约翰逊', 39.2, 33, 9.2, 2.6, 7.2, 0.6, 0.0)
(601, 1999, '肖恩-埃利奥特', 36.4, 30, 8.0, 3.0, 3.0, 0.8, 0.2)
(602, 1999, '小贾伦-杰克逊', 19.2, 31, 6.6, 1.4, 1.0, 1.0, 0.0)
(603, 1999, '安东尼奥-丹尼尔斯', 5.8, 23, 2.5, 0.5, 1.0, 0.3, 0.0)
(604, 1999, '史蒂夫-科尔', 8.8, 33, 1.8, 1.0, 0.4, 0.0, 0.0)
(605, 1999, '马利克-罗斯', 13.0, 24, 1.2, 2.4, 0.4, 0.6, 0.4)
(606, 1999, '杰罗姆-克西', 2.0, 36, 1.0, 0.0, 0.0, 0.0, 0.0)
(607, 1999, '杰拉德-金', 0.5, 26, 0.0, 0.0, 0.0, 0.0, 0.0)
(608, 1999, '拉特里尔-斯普雷威尔', 44.0, 28, 26.0, 6.6, 2.6, 1.4, 0.2)
(609, 1999, '阿兰-休斯敦', 44.6, 27, 21.6, 3.2, 3.4, 0.4, 0.0)
(610, 1999, '马库斯-坎比', 27.2, 24, 9.6, 7.8, 0.2, 0.6, 2.0)
(611, 1999, '拉里-约翰逊', 36.8, 29, 7.6, 4.8, 1.4, 1.2, 0.2)
(612, 1999, '查理-沃德', 29.2, 28, 5.8, 3.2, 3.6, 2.6, 0.4)
(613, 1999, '科特-托马斯', 21.2, 26, 5.6, 7.6, 0.4, 1.2, 0.0)
(614, 1999, '克里斯-柴尔斯', 21.0, 31, 2.4, 1.2, 2.2, 0.4, 0.0)
(615, 1999, '克里斯-杜德利', 15.6, 33, 1.2, 3.8, 0.2, 0.2, 0.6)
(616, 1999, '里克-布伦森', 0.0, 26, 0.0, 0.0, 0.0, 0.0, 0.0)
(617, 1999, '赫伯-威廉姆斯', 1.0, 40, 0.0, 0.0, 0.0, 0.0, 0.0)
(618, 1998, '迈克尔-乔丹', 41.7, 34, 33.5, 4.0, 2.3, 1.8, 0.7)
(619, 1998, '斯科蒂-皮蓬', 39.5, 32, 15.7, 6.8, 4.8, 1.7, 0.8)
(620, 1998, '托尼-库科奇', 37.0, 29, 15.2, 4.7, 2.7, 1.2, 0.7)
(621, 1998, '罗恩-哈珀', 28.8, 34, 5.3, 4.5, 2.8, 1.5, 0.7)
(622, 1998, '卢克-朗利', 21.8, 29, 5.0, 4.8, 1.5, 0.8, 0.8)
(623, 1998, '史蒂夫-科尔', 20.8, 32, 3.8, 0.3, 2.5, 0.3, 0.0)
(624, 1998, '斯科特-伯勒尔', 13.8, 27, 3.5, 2.5, 0.0, 1.2, 0.2)
(625, 1998, '丹尼斯-罗德曼', 30.3, 36, 3.3, 8.3, 1.0, 1.2, 0.3)
(626, 1998, '尤德-比希勒', 5.0, 29, 1.3, 0.3, 0.3, 0.2, 0.2)
(627, 1998, '比尔-温宁顿', 4.3, 34, 1.3, 1.0, 0.3, 0.0, 0.3)
(628, 1998, '兰迪-布朗', 4.0, 29, 1.0, 1.0, 0.0, 0.5, 0.0)
(629, 1998, '迪克-辛普金斯', 6.0, 25, 1.0, 1.5, 0.5, 0.0, 0.5)
(630, 1998, '卡尔-马龙', 40.5, 34, 25.0, 10.5, 3.8, 1.0, 1.2)
(631, 1998, '杰夫-霍纳塞克', 34.2, 34, 10.7, 2.7, 2.7, 0.8, 0.2)
(632, 1998, '约翰-斯托克顿', 32.2, 35, 9.7, 2.5, 8.7, 2.0, 0.0)
(633, 1998, '布莱恩-拉塞尔', 36.2, 27, 8.8, 5.0, 1.3, 1.2, 0.2)
(634, 1998, '山顿-安德森', 21.0, 24, 7.3, 2.7, 0.3, 0.2, 0.2)
(635, 1998, '霍华德-埃斯利', 17.7, 25, 4.7, 2.0, 3.8, 0.3, 0.2)
(636, 1998, '克里斯-莫里斯', 17.5, 32, 4.3, 2.5, 0.5, 0.3, 0.2)
(637, 1998, '安托万-卡尔', 14.5, 36, 4.2, 2.0, 0.0, 0.0, 0.2)
(638, 1998, '亚当-基夫', 12.2, 27, 2.8, 3.4, 0.2, 0.4, 0.0)
(639, 1998, '格雷格-奥斯特塔格', 11.0, 24, 2.2, 3.2, 0.0, 0.0, 0.2)
(640, 1998, '格雷格-福斯特', 10.3, 29, 1.3, 2.3, 0.0, 0.2, 0.2)
(641, 1998, '雅克-沃恩', 7.0, 22, 0.0, 2.0, 0.0, 0.0, 0.0)
(642, 1997, '迈克尔-乔丹', 42.7, 33, 32.3, 7.0, 6.0, 1.2, 0.8)
(643, 1997, '斯科蒂-皮蓬', 42.7, 31, 20.0, 8.3, 3.5, 1.7, 1.8)
(644, 1997, '托尼-库科奇', 23.2, 28, 8.0, 3.2, 2.7, 0.2, 0.5)
(645, 1997, '毕森-德勒', 20.2, 27, 6.8, 3.3, 0.8, 1.0, 0.2)
(646, 1997, '卢克-朗利', 22.0, 28, 6.8, 3.8, 1.2, 0.7, 0.5)
(647, 1997, '罗恩-哈珀', 27.0, 33, 4.8, 4.5, 2.3, 1.0, 1.0)
(648, 1997, '史蒂夫-科尔', 19.5, 31, 4.3, 0.8, 1.0, 0.7, 0.2)
(649, 1997, '丹尼斯-罗德曼', 27.2, 35, 2.3, 7.7, 1.5, 0.7, 0.2)
(650, 1997, '尤德-比希勒', 8.7, 28, 1.7, 1.2, 0.3, 0.5, 0.0)
(651, 1997, '兰迪-布朗', 4.8, 28, 0.8, 0.2, 0.2, 0.2, 0.2)
(652, 1997, '贾森-卡菲', 3.6, 23, 0.0, 0.4, 0.2, 0.0, 0.0)
(653, 1997, '卡尔-马龙', 40.8, 33, 23.8, 10.3, 3.5, 1.7, 0.3)
(654, 1997, '约翰-斯托克顿', 37.7, 34, 15.0, 4.0, 8.8, 2.0, 0.5)
(655, 1997, '杰夫-霍纳塞克', 34.2, 33, 12.0, 3.5, 2.2, 0.7, 0.0)
(656, 1997, '布莱恩-拉塞尔', 39.0, 26, 11.3, 5.8, 0.7, 0.8, 0.2)
(657, 1997, '格雷格-福斯特', 15.8, 28, 5.5, 3.5, 0.7, 0.3, 0.3)
(658, 1997, '霍华德-埃斯利', 10.3, 24, 5.3, 0.7, 2.5, 0.2, 0.0)
(659, 1997, '格雷格-奥斯特塔格', 22.0, 23, 4.3, 7.3, 0.3, 0.5, 1.5)
(660, 1997, '克里斯-莫里斯', 11.7, 31, 3.5, 1.7, 0.2, 0.3, 0.5)
(661, 1997, '安托万-卡尔', 9.7, 35, 3.0, 1.7, 0.8, 0.0, 0.0)
(662, 1997, '山顿-安德森', 20.8, 23, 4.3, 1.8, 0.5, 1.0, 0.0)
(663, 1997, '亚当-基夫', 7.5, 26, 0.8, 1.8, 0.3, 0.3, 0.3)
(664, 1996, '迈克尔-乔丹', 42.0, 32, 27.3, 5.3, 4.2, 1.7, 0.2)
(665, 1996, '斯科蒂-皮蓬', 41.3, 30, 15.7, 8.2, 5.3, 2.3, 1.3)
(666, 1996, '托尼-库科奇', 29.5, 27, 13.0, 4.8, 3.5, 0.8, 0.3)
(667, 1996, '卢克-朗利', 28.3, 27, 11.7, 3.8, 2.2, 0.5, 1.8)
(668, 1996, '丹尼斯-罗德曼', 37.5, 34, 7.5, 14.7, 2.5, 0.8, 0.2)
(669, 1996, '罗恩-哈珀', 19.3, 32, 6.5, 2.2, 1.7, 0.7, 0.3)
(670, 1996, '史蒂夫-科尔', 18.8, 30, 5.0, 0.8, 0.8, 0.2, 0.0)
(671, 1996, '兰迪-布朗', 8.2, 27, 2.8, 0.3, 0.8, 0.7, 0.0)
(672, 1996, '比尔-温宁顿', 7.0, 32, 2.8, 0.5, 0.2, 0.0, 0.0)
(673, 1996, '尤德-比希勒', 5.5, 27, 0.7, 0.0, 0.2, 0.7, 0.0)
(674, 1996, '约翰-萨利', 3.0, 31, 0.0, 0.2, 0.4, 0.0, 0.0)
(675, 1996, '肖恩-坎普', 40.3, 26, 23.3, 10.0, 2.2, 1.3, 2.0)
(676, 1996, '加里-佩顿', 45.7, 27, 18.0, 6.3, 7.0, 1.5, 0.0)
(677, 1996, '德特勒夫-施伦普夫', 39.7, 33, 16.3, 5.0, 2.5, 0.5, 0.2)
(678, 1996, '赫塞-霍金斯', 38.3, 29, 13.3, 3.5, 1.0, 1.2, 0.2)
(679, 1996, '萨姆-帕金斯', 31.7, 34, 11.2, 4.7, 2.0, 0.5, 0.0)
(680, 1996, '大卫-温盖特', 8.0, 32, 2.5, 0.3, 0.0, 0.0, 0.0)
(681, 1996, '内特-麦克米兰', 12.8, 31, 2.8, 2.8, 1.5, 0.5, 0.0)
(682, 1996, '文森特-艾斯丘', 15.5, 29, 1.8, 2.5, 0.5, 0.5, 0.0)
(683, 1996, '弗兰克-布里克考斯基', 11.3, 36, 0.8, 2.0, 0.5, 0.2, 0.2)
(684, 1996, '埃尔文-约翰逊', 6.7, 28, 1.3, 2.3, 0.3, 0.3, 0.3)
(685, 1996, '史蒂夫-谢夫勒', 2.0, 28, 0.0, 0.5, 0.0, 0.0, 0.0)
(686, 1996, '埃里克-斯诺', 1.5, 22, 0.0, 0.3, 0.2, 0.0, 0.0)
(687, 1995, '哈基姆-奥拉朱旺', 44.8, 32, 32.8, 11.5, 5.5, 2.0, 2.0)
(688, 1995, '克莱德-德雷克斯勒', 40.5, 32, 21.5, 9.5, 6.8, 1.0, 0.3)
(689, 1995, '罗伯特-霍里', 46.8, 24, 17.8, 10.0, 3.8, 3.0, 2.3)
(690, 1995, '马里奥-艾利', 40.3, 31, 16.3, 4.3, 3.3, 2.0, 0.0)
(691, 1995, '萨姆-卡塞尔', 23.3, 25, 14.3, 1.8, 3.0, 1.8, 0.0)
(692, 1995, '肯尼-史密斯', 26.3, 29, 7.5, 1.8, 4.0, 0.3, 0.0)
(693, 1995, '查基-布朗', 9.5, 26, 3.0, 2.8, 0.0, 0.0, 0.5)
(694, 1995, '查尔斯-琼斯', 14.3, 37, 1.0, 1.8, 0.0, 0.0, 0.0)
(695, 1995, '皮特-奇尔卡特', 1.0, 26, 0.0, 0.0, 0.0, 0.0, 0.0)
(696, 1995, '沙奎尔-奥尼尔', 45.0, 22, 28.0, 12.5, 6.3, 0.3, 2.5)
(697, 1995, '安芬尼-哈达威', 43.0, 23, 25.5, 4.8, 8.0, 1.0, 0.8)
(698, 1995, '霍雷斯-格兰特', 42.0, 29, 13.5, 12.0, 1.5, 0.5, 0.5)
(699, 1995, '布莱恩-肖', 21.0, 28, 12.5, 3.3, 3.3, 0.5, 0.3)
(700, 1995, '尼可-安德森', 40.3, 27, 12.3, 8.5, 4.3, 2.0, 0.5)
(701, 1995, '丹尼斯-斯科特', 37.5, 26, 10.5, 3.5, 2.3, 1.0, 0.3)
(702, 1995, '安东尼-鲍伊', 6.5, 31, 3.3, 0.5, 1.5, 0.0, 0.3)
(703, 1995, '杰夫-特纳', 10.8, 32, 1.5, 1.0, 0.5, 0.0, 0.0)
(704, 1995, '唐纳德-洛耶尔', 1.0, 28, 0.0, 0.0, 0.0, 0.0, 0.0)
(705, 1994, '哈基姆-奥拉朱旺', 43.1, 31, 26.9, 9.1, 3.6, 1.6, 3.9)
(706, 1994, '弗农-马克斯韦尔', 37.7, 28, 13.4, 3.3, 2.9, 0.6, 0.0)
(707, 1994, '罗伯特-霍里', 37.9, 23, 10.3, 6.1, 3.7, 1.3, 0.6)
(708, 1994, '萨姆-卡塞尔', 22.6, 24, 10.0, 3.1, 2.9, 1.3, 0.3)
(709, 1994, '奥蒂斯-索普', 39.6, 31, 9.3, 11.3, 3.3, 0.9, 0.0)
(710, 1994, '卡尔-埃雷拉', 17.3, 27, 7.1, 3.6, 0.4, 0.4, 0.1)
(711, 1994, '肯尼-史密斯', 25.4, 28, 5.6, 1.4, 3.1, 0.7, 0.0)
(712, 1994, '马里奥-艾利', 11.3, 30, 2.4, 1.0, 1.0, 0.3, 0.1)
(713, 1994, '马特-布拉德', 13.5, 26, 4.0, 3.0, 0.0, 0.5, 0.5)
(714, 1994, '厄尔-克雷顿', 2.0, 36, 0.0, 0.0, 0.0, 0.0, 0.0)
(715, 1994, '克里斯-詹特', 2.3, 24, 0.0, 0.3, 0.0, 0.0, 0.0)
(716, 1994, '帕特里克-尤因', 44.0, 31, 18.9, 12.4, 1.7, 1.3, 4.3)
(717, 1994, '约翰-斯塔克斯', 41.9, 28, 17.7, 3.1, 5.9, 1.6, 0.1)
(718, 1994, '德里克-哈珀', 38.0, 32, 16.4, 3.0, 6.0, 2.4, 0.1)
(719, 1994, '查尔斯-奥克利', 40.7, 30, 11.0, 11.9, 2.4, 1.1, 0.1)
(720, 1994, '查尔斯-史密斯', 26.7, 28, 9.3, 4.3, 1.7, 0.6, 1.0)
(721, 1994, '安东尼-梅森', 29.3, 27, 8.6, 6.9, 1.3, 0.7, 0.0)
(722, 1994, '格雷格-安东尼', 11.4, 26, 3.3, 0.9, 2.4, 0.4, 0.1)
(723, 1994, '休波特-戴维斯', 7.6, 23, 1.6, 0.4, 0.4, 0.0, 0.2)
(724, 1994, '安东尼-邦纳', 5.5, 25, 2.0, 1.0, 0.0, 0.0, 0.0)
(725, 1994, '赫伯-威廉姆斯', 1.8, 35, 0.0, 0.0, 0.0, 0.0, 0.3)
(726, 1993, '迈克尔-乔丹', 45.7, 29, 41.0, 8.5, 6.3, 1.7, 0.7)
(727, 1993, '斯科蒂-皮蓬', 44.3, 27, 21.2, 9.2, 7.7, 2.0, 1.0)
(728, 1993, 'B.J. Armstrong', 41.8, 25, 13.5, 1.8, 5.0, 0.8, 0.2)
(729, 1993, '霍雷斯-格兰特', 38.8, 27, 11.2, 10.3, 2.3, 1.5, 1.5)
(730, 1993, '约翰-帕克森', 16.0, 32, 5.8, 1.5, 0.8, 0.5, 0.2)
(731, 1993, '斯格特-威廉姆斯', 26.5, 24, 4.7, 6.3, 1.7, 0.5, 1.5)
(732, 1993, '比尔-卡特赖特', 21.3, 35, 4.3, 3.2, 1.7, 0.5, 0.2)
(733, 1993, '特伦特-塔克', 6.8, 33, 2.8, 0.3, 0.7, 0.2, 0.0)
(734, 1993, '斯塔塞-金', 8.2, 26, 2.2, 1.3, 0.5, 0.3, 0.2)
(735, 1993, '罗德尼-麦克雷', 4.0, 31, 0.0, 1.0, 0.0, 0.0, 0.0)
(736, 1993, '维尔-佩尔多', 9.0, 27, 0.0, 3.0, 0.0, 0.0, 0.0)
(737, 1993, '达内尔-沃克', 1.7, 31, 0.0, 0.0, 0.3, 0.0, 0.0)
(738, 1993, '查尔斯-巴克利', 46.2, 29, 27.3, 13.0, 5.5, 1.2, 0.5)
(739, 1993, '凯文-约翰逊', 43.3, 26, 17.2, 3.0, 6.5, 1.3, 0.3)
(740, 1993, '丹-马尔利', 46.8, 27, 17.2, 8.2, 3.7, 1.3, 2.2)
(741, 1993, '理查德-杜马斯', 26.7, 23, 15.8, 4.3, 1.0, 1.3, 1.0)
(742, 1993, '丹尼-安吉', 27.0, 33, 8.8, 3.0, 2.5, 0.3, 0.0)
(743, 1993, '汤姆-钱伯斯', 15.3, 33, 6.7, 3.0, 0.5, 0.2, 0.5)
(744, 1993, '马克-韦斯特', 21.7, 32, 5.7, 4.3, 0.7, 0.0, 1.2)
(745, 1993, '奥利弗-米勒', 17.8, 22, 5.0, 4.2, 1.3, 0.7, 2.0)
(746, 1993, '弗兰克-约翰逊', 7.3, 34, 3.0, 0.3, 0.8, 0.5, 0.0)
(747, 1993, '杰罗德-穆斯塔夫', 1.0, 23, 0.0, 0.0, 0.0, 0.0, 0.0)
(748, 1992, '迈克尔-乔丹', 42.3, 28, 35.8, 4.8, 6.5, 1.7, 0.3)
(749, 1992, '斯科蒂-皮蓬', 40.7, 26, 20.8, 8.3, 7.7, 1.5, 0.7)
(750, 1992, '约翰-帕克森', 30.8, 31, 10.3, 0.8, 2.7, 1.3, 0.0)
(751, 1992, '霍雷斯-格兰特', 37.8, 26, 9.2, 7.8, 4.0, 0.8, 2.3)
(752, 1992, '比尔-卡特赖特', 25.2, 34, 6.3, 4.0, 1.5, 0.5, 0.2)
(753, 1992, 'B.J. Armstrong', 17.8, 24, 5.8, 0.8, 2.3, 0.3, 0.0)
(754, 1992, '斯格特-威廉姆斯', 21.3, 23, 5.5, 6.2, 1.0, 0.2, 1.3)
(755, 1992, '克里夫-莱温斯顿', 10.8, 31, 3.8, 2.2, 0.7, 0.2, 0.2)
(756, 1992, '斯塔塞-金', 12.0, 25, 4.5, 2.5, 0.0, 0.3, 0.3)
(757, 1992, '鲍伯-汉森', 8.0, 31, 3.2, 0.4, 0.6, 0.2, 0.0)
(758, 1992, '克雷格-霍奇思', 3.0, 31, 1.0, 0.0, 0.0, 0.5, 0.0)
(759, 1992, '维尔-佩尔多', 3.3, 26, 0.7, 1.0, 0.0, 0.0, 0.0)
(760, 1992, '克莱德-德雷克斯勒', 39.7, 29, 24.8, 7.8, 5.3, 1.3, 1.0)
(761, 1992, '特里-波特', 43.8, 28, 16.2, 4.3, 4.7, 1.0, 0.3)
(762, 1992, '杰罗姆-克西', 38.0, 29, 14.8, 8.7, 3.3, 1.8, 0.2)
(763, 1992, '克利弗德-罗宾逊', 24.3, 25, 10.3, 3.0, 2.2, 0.8, 0.7)
(764, 1992, '丹尼-安吉', 23.0, 32, 10.0, 2.0, 2.5, 0.8, 0.2)
(765, 1992, '凯文-达克沃斯', 27.3, 27, 9.3, 6.8, 1.5, 0.5, 0.7)
(766, 1992, '巴克-威廉姆斯', 35.2, 31, 7.8, 7.3, 1.0, 0.8, 0.5)
(767, 1992, '马克-布莱恩特', 21.0, 26, 10.0, 5.0, 0.0, 0.0, 0.0)
(768, 1992, '罗波特-派克', 8.0, 22, 2.5, 0.5, 0.5, 0.5, 0.0)
(769, 1992, '埃尼斯-威特利', 5.2, 29, 0.8, 0.2, 0.2, 0.6, 0.0)
(770, 1992, '阿拉-阿卜杜勒纳比', 6.0, 23, 1.0, 2.0, 0.0, 0.0, 0.0)
(771, 1992, '韦恩-库珀', 8.0, 35, 0.0, 2.0, 0.0, 0.0, 2.0)
(772, 1991, '迈克尔-乔丹', 44.0, 27, 31.2, 6.6, 11.4, 2.8, 1.4)
(773, 1991, '斯科蒂-皮蓬', 43.6, 25, 20.8, 9.4, 6.6, 2.4, 1.0)
(774, 1991, '霍雷斯-格兰特', 39.6, 25, 14.6, 7.8, 1.6, 1.6, 0.6)
(775, 1991, '约翰-帕克森', 31.8, 30, 13.4, 2.0, 3.4, 1.0, 0.0)
(776, 1991, '比尔-卡特赖特', 32.0, 33, 8.8, 5.0, 2.4, 0.6, 0.6)
(777, 1991, '克雷格-霍奇思', 10.6, 30, 3.8, 0.6, 0.2, 0.0, 0.0)
(778, 1991, '克里夫-莱温斯顿', 18.0, 30, 3.2, 2.8, 0.6, 1.0, 1.0)
(779, 1991, 'B.J. Armstrong', 7.4, 23, 2.0, 0.6, 0.8, 0.4, 0.0)
(780, 1991, '维尔-佩尔多', 7.4, 25, 1.6, 2.4, 0.2, 0.0, 0.2)
(781, 1991, '斯格特-威廉姆斯', 11.3, 22, 2.0, 2.3, 0.8, 0.0, 0.3)
(782, 1991, '斯塔塞-金', 3.0, 24, 1.0, 0.5, 0.0, 0.0, 0.0)
(783, 1991, '丹尼斯-霍普森', 2.0, 25, 0.0, 0.0, 0.0, 0.0, 0.0)
(784, 1991, '魔术师约翰逊', 45.6, 31, 18.6, 8.0, 12.4, 1.2, 0.0)
(785, 1991, '弗拉德-迪瓦茨', 41.6, 22, 18.2, 8.8, 2.0, 1.8, 2.4)
(786, 1991, '萨姆-帕金斯', 41.2, 29, 16.6, 7.6, 1.0, 0.4, 1.4)
(787, 1991, '詹姆斯-沃西', 41.0, 29, 19.3, 3.0, 2.0, 1.0, 0.0)
(788, 1991, 'A.C. Green', 22.6, 27, 5.8, 5.6, 0.2, 0.6, 0.0)
(789, 1991, '特里-蒂格', 14.2, 30, 5.0, 0.4, 0.2, 0.6, 0.2)
(790, 1991, '埃尔登-坎贝尔', 11.0, 22, 7.7, 1.3, 0.0, 1.0, 0.7)
(791, 1991, '拜伦-斯科特', 35.0, 29, 4.5, 1.8, 1.8, 0.8, 0.0)
(792, 1991, '托尼-史密斯', 16.0, 22, 6.0, 0.5, 1.0, 0.5, 0.0)
(793, 1991, '拉里-德鲁', 5.0, 32, 1.8, 0.5, 0.0, 0.0, 0.0)
(794, 1991, '迈克尔-汤普森', 10.0, 36, 0.0, 0.0, 0.0, 0.0, 0.0)
(795, 1990, '伊赛亚-托马斯', 38.4, 28, 27.6, 5.2, 7.0, 1.6, 0.4)
(796, 1990, '乔-杜马斯', 42.0, 26, 20.6, 2.8, 5.6, 0.8, 0.0)
(797, 1990, '詹姆斯-爱德华兹', 27.6, 34, 14.4, 3.8, 0.8, 0.4, 0.6)
(798, 1990, '比尔-兰比尔', 38.2, 32, 13.2, 13.4, 2.4, 1.4, 0.6)
(799, 1990, '文尼-约翰逊', 22.6, 33, 12.2, 2.0, 1.2, 0.2, 0.6)
(800, 1990, '马克-阿吉雷', 24.0, 30, 9.6, 3.6, 0.8, 0.4, 0.0)
(801, 1990, '约翰-萨利', 28.6, 25, 6.6, 6.4, 0.4, 0.2, 2.4)
(802, 1990, '丹尼斯-罗德曼', 19.8, 28, 2.3, 5.5, 0.8, 0.5, 0.5)
(803, 1990, '大卫-格林伍德', 11.0, 32, 1.0, 3.0, 0.0, 0.3, 0.0)
(804, 1990, '杰拉德-亨德森', 1.0, 34, 1.0, 0.0, 0.0, 0.0, 0.0)
(805, 1990, '斯科特-黑斯廷斯', 2.0, 29, 0.0, 0.0, 0.0, 0.0, 0.0)
(806, 1990, '克莱德-德雷克斯勒', 40.8, 27, 26.4, 7.8, 6.2, 1.8, 0.2)
(807, 1990, '杰罗姆-克西', 41.2, 27, 19.0, 7.0, 1.2, 0.6, 0.6)
(808, 1990, '特里-波特', 41.2, 26, 19.0, 2.6, 8.4, 2.0, 0.2)
(809, 1990, '凯文-达克沃斯', 29.8, 25, 15.6, 5.6, 0.0, 0.2, 0.4)
(810, 1990, '巴克-威廉姆斯', 38.4, 29, 11.2, 9.0, 1.8, 0.6, 0.2)
(811, 1990, '克利弗德-罗宾逊', 16.4, 23, 3.8, 2.4, 0.8, 0.8, 0.8)
(812, 1990, '丹尼-杨', 15.6, 27, 3.0, 1.4, 1.6, 0.6, 0.2)
(813, 1990, '德拉任-彼得罗维奇', 7.3, 25, 2.5, 0.3, 0.5, 0.3, 0.0)
(814, 1990, '韦恩-库珀', 14.0, 33, 1.8, 4.0, 0.2, 0.4, 0.8)
(815, 1990, '马克-布莱恩特', 4.5, 24, 0.5, 1.0, 0.0, 0.0, 0.0)
